0.000000000000000000e+00
1.258539558352467502e-01
2.517079116704935005e-01
3.775618675057402784e-01
5.034158233409870009e-01
6.292697791762337234e-01
7.551237350114805569e-01
8.809776908467272794e-01
1.006831646681974002e+00
1.132685602517220724e+00
1.258539558352467447e+00
1.384393514187714169e+00
1.510247470022961114e+00
1.636101425858207836e+00
1.761955381693454559e+00
1.887809337528701281e+00
2.013663293363948004e+00
2.139517249199194726e+00
2.265371205034441449e+00
2.391225160869688171e+00
2.517079116704934894e+00
2.642933072540181616e+00
2.768787028375428338e+00
2.894640984210675061e+00
3.020494940045922228e+00
3.146348895881168950e+00
3.272202851716415672e+00
3.398056807551662395e+00
3.523910763386909117e+00
3.649764719222155840e+00
3.775618675057402562e+00
3.901472630892649285e+00
4.027326586727896007e+00
4.153180542563142730e+00
4.279034498398389452e+00
4.404888454233636175e+00
4.530742410068882897e+00
4.656596365904129620e+00
4.782450321739376342e+00
4.908304277574623065e+00
5.034158233409869787e+00
5.160012189245116510e+00
5.285866145080363232e+00
5.411720100915609954e+00
5.537574056750856677e+00
5.663428012586103399e+00
5.789281968421350122e+00
5.915135924256596844e+00
6.040989880091844455e+00
6.166843835927091177e+00
6.292697791762337900e+00
6.418551747597584622e+00
6.544405703432831345e+00
6.670259659268078067e+00
6.796113615103324790e+00
6.921967570938571512e+00
7.047821526773818235e+00
7.173675482609064957e+00
7.299529438444311680e+00
7.425383394279558402e+00
7.551237350114805125e+00
7.677091305950051847e+00
7.802945261785298570e+00
7.928799217620545292e+00
8.054653173455792015e+00
8.180507129291038737e+00
8.306361085126285460e+00
8.432215040961532182e+00
8.558068996796778904e+00
8.683922952632025627e+00
8.809776908467272349e+00
8.935630864302519072e+00
9.061484820137765794e+00
9.187338775973012517e+00
9.313192731808259239e+00
9.439046687643505962e+00
9.564900643478752684e+00
9.690754599313999407e+00
9.816608555149246129e+00
9.942462510984492852e+00
1.006831646681973957e+01
1.019417042265498630e+01
1.032002437849023302e+01
1.044587833432547974e+01
1.057173229016072646e+01
1.069758624599597319e+01
1.082344020183121991e+01
1.094929415766646663e+01
1.107514811350171335e+01
1.120100206933696008e+01
1.132685602517220680e+01
1.145270998100745352e+01
1.157856393684270024e+01
1.170441789267794697e+01
1.183027184851319369e+01
1.195612580434844041e+01
1.208197976018368891e+01
1.220783371601893563e+01
1.233368767185418235e+01
1.245954162768942908e+01
1.258539558352467580e+01
1.271124953935992252e+01
1.283710349519516924e+01
1.296295745103041597e+01
1.308881140686566269e+01
1.321466536270090941e+01
1.334051931853615613e+01
1.346637327437140286e+01
1.359222723020664958e+01
1.371808118604189630e+01
1.384393514187714302e+01
1.396978909771238975e+01
1.409564305354763647e+01
1.422149700938288319e+01
1.434735096521812991e+01
1.447320492105337664e+01
1.459905887688862336e+01
1.472491283272387008e+01
1.485076678855911680e+01
1.497662074439436353e+01
1.510247470022961025e+01
1.522832865606485697e+01
1.535418261190010369e+01
1.548003656773535042e+01
1.560589052357059714e+01
1.573174447940584386e+01
1.585759843524109058e+01
1.598345239107633731e+01
1.610930634691158403e+01
1.623516030274683075e+01
1.636101425858207747e+01
1.648686821441732420e+01
1.661272217025257092e+01
1.673857612608781764e+01
1.686443008192306436e+01
1.699028403775831109e+01
1.711613799359355781e+01
1.724199194942880453e+01
1.736784590526405125e+01
1.749369986109929798e+01
1.761955381693454470e+01
1.774540777276979142e+01
1.787126172860503814e+01
1.799711568444028487e+01
1.812296964027553159e+01
1.824882359611077831e+01
1.837467755194602503e+01
1.850053150778127176e+01
1.862638546361651848e+01
1.875223941945176520e+01
1.887809337528701192e+01
1.900394733112225865e+01
1.912980128695750537e+01
1.925565524279275209e+01
1.938150919862799881e+01
1.950736315446324554e+01
1.963321711029849226e+01
1.975907106613373898e+01
1.988492502196898570e+01
2.001077897780423243e+01
2.013663293363947915e+01
2.026248688947472587e+01
2.038834084530997259e+01
2.051419480114521932e+01
2.064004875698046604e+01
2.076590271281571276e+01
2.089175666865095948e+01
2.101761062448620621e+01
2.114346458032145293e+01
2.126931853615669965e+01
2.139517249199194637e+01
2.152102644782719310e+01
2.164688040366243982e+01
2.177273435949768654e+01
2.189858831533293326e+01
2.202444227116817999e+01
2.215029622700342671e+01
2.227615018283867343e+01
2.240200413867392015e+01
2.252785809450916688e+01
2.265371205034441360e+01
2.277956600617966032e+01
2.290541996201490704e+01
2.303127391785015377e+01
2.315712787368540049e+01
2.328298182952064721e+01
2.340883578535589393e+01
2.353468974119114066e+01
2.366054369702638738e+01
2.378639765286163410e+01
2.391225160869688082e+01
2.403810556453212754e+01
2.416395952036737782e+01
2.428981347620262454e+01
2.441566743203787127e+01
2.454152138787311799e+01
2.466737534370836471e+01
2.479322929954361143e+01
2.491908325537885815e+01
2.504493721121410488e+01
2.517079116704935160e+01
2.529664512288459832e+01
2.542249907871984504e+01
2.554835303455509177e+01
2.567420699039033849e+01
2.580006094622558521e+01
2.592591490206083193e+01
2.605176885789607866e+01
2.617762281373132538e+01
2.630347676956657210e+01
2.642933072540181882e+01
2.655518468123706555e+01
2.668103863707231227e+01
2.680689259290755899e+01
2.693274654874280571e+01
2.705860050457805244e+01
2.718445446041329916e+01
2.731030841624854588e+01
2.743616237208379260e+01
2.756201632791903933e+01
2.768787028375428605e+01
2.781372423958953277e+01
2.793957819542477949e+01
2.806543215126002622e+01
2.819128610709527294e+01
2.831714006293051966e+01
2.844299401876576638e+01
2.856884797460101311e+01
2.869470193043625983e+01
2.882055588627150655e+01
2.894640984210675327e+01
2.907226379794200000e+01
2.919811775377724672e+01
2.932397170961249344e+01
2.944982566544774016e+01
2.957567962128298689e+01
2.970153357711823361e+01
2.982738753295348033e+01
2.995324148878872705e+01
3.007909544462397378e+01
3.020494940045922050e+01
3.033080335629446722e+01
3.045665731212971394e+01
3.058251126796496067e+01
3.070836522380020739e+01
3.083421917963545411e+01
3.096007313547070083e+01
3.108592709130594756e+01
3.121178104714119428e+01
3.133763500297644100e+01
3.146348895881168772e+01
3.158934291464693445e+01
3.171519687048218117e+01
3.184105082631742789e+01
3.196690478215267461e+01
3.209275873798792134e+01
3.221861269382316806e+01
3.234446664965841478e+01
3.247032060549366150e+01
3.259617456132890823e+01
3.272202851716415495e+01
3.284788247299940167e+01
3.297373642883464839e+01
3.309959038466989512e+01
3.322544434050514184e+01
3.335129829634038856e+01
3.347715225217563528e+01
3.360300620801088201e+01
3.372886016384612873e+01
3.385471411968137545e+01
3.398056807551662217e+01
3.410642203135186890e+01
3.423227598718711562e+01
3.435812994302236234e+01
3.448398389885760906e+01
3.460983785469285579e+01
3.473569181052810251e+01
3.486154576636334923e+01
3.498739972219859595e+01
3.511325367803384268e+01
3.523910763386908940e+01
3.536496158970433612e+01
3.549081554553958284e+01
3.561666950137482957e+01
3.574252345721007629e+01
3.586837741304532301e+01
3.599423136888056973e+01
3.612008532471581645e+01
3.624593928055106318e+01
3.637179323638630990e+01
3.649764719222155662e+01
3.662350114805680334e+01
3.674935510389205007e+01
3.687520905972729679e+01
3.700106301556254351e+01
3.712691697139779023e+01
3.725277092723303696e+01
3.737862488306828368e+01
3.750447883890353040e+01
3.763033279473877712e+01
3.775618675057402385e+01
3.788204070640927057e+01
3.800789466224451729e+01
3.813374861807976401e+01
3.825960257391501074e+01
3.838545652975025746e+01
3.851131048558550418e+01
3.863716444142075090e+01
3.876301839725599763e+01
3.888887235309124435e+01
3.901472630892649107e+01
3.914058026476173779e+01
3.926643422059698452e+01
3.939228817643223124e+01
3.951814213226747796e+01
3.964399608810272468e+01
3.976985004393797141e+01
3.989570399977321813e+01
4.002155795560846485e+01
4.014741191144371157e+01
4.027326586727895830e+01
4.039911982311420502e+01
4.052497377894945174e+01
4.065082773478469846e+01
4.077668169061994519e+01
4.090253564645519191e+01
4.102838960229043863e+01
4.115424355812568535e+01
4.128009751396093208e+01
4.140595146979617880e+01
4.153180542563142552e+01
4.165765938146667224e+01
4.178351333730191897e+01
4.190936729313716569e+01
4.203522124897241241e+01
4.216107520480765913e+01
4.228692916064290586e+01
4.241278311647815258e+01
4.253863707231339930e+01
4.266449102814864602e+01
4.279034498398389275e+01
4.291619893981913947e+01
4.304205289565438619e+01
4.316790685148963291e+01
4.329376080732487964e+01
4.341961476316012636e+01
4.354546871899537308e+01
4.367132267483061980e+01
4.379717663066586653e+01
4.392303058650111325e+01
4.404888454233635997e+01
4.417473849817160669e+01
4.430059245400685342e+01
4.442644640984210014e+01
4.455230036567734686e+01
4.467815432151259358e+01
4.480400827734784031e+01
4.492986223318308703e+01
4.505571618901833375e+01
4.518157014485358047e+01
4.530742410068882720e+01
4.543327805652407392e+01
4.555913201235932064e+01
4.568498596819456736e+01
4.581083992402981409e+01
4.593669387986506081e+01
4.606254783570030753e+01
4.618840179153555425e+01
4.631425574737080098e+01
4.644010970320604770e+01
4.656596365904129442e+01
4.669181761487654114e+01
4.681767157071178787e+01
4.694352552654703459e+01
4.706937948238228131e+01
4.719523343821752803e+01
4.732108739405277475e+01
4.744694134988802148e+01
4.757279530572326820e+01
4.769864926155851492e+01
4.782450321739376164e+01
4.795035717322900837e+01
4.807621112906425509e+01
4.820206508489950181e+01
4.832791904073475564e+01
4.845377299657000236e+01
4.857962695240524909e+01
4.870548090824049581e+01
4.883133486407574253e+01
4.895718881991098925e+01
4.908304277574623598e+01
4.920889673158148270e+01
4.933475068741672942e+01
4.946060464325197614e+01
4.958645859908722286e+01
4.971231255492246959e+01
4.983816651075771631e+01
4.996402046659296303e+01
5.008987442242820975e+01
5.021572837826345648e+01
5.034158233409870320e+01
5.046743628993394992e+01
5.059329024576919664e+01
5.071914420160444337e+01
5.084499815743969009e+01
5.097085211327493681e+01
5.109670606911018353e+01
5.122256002494543026e+01
5.134841398078067698e+01
5.147426793661592370e+01
5.160012189245117042e+01
5.172597584828641715e+01
5.185182980412166387e+01
5.197768375995691059e+01
5.210353771579215731e+01
5.222939167162740404e+01
5.235524562746265076e+01
5.248109958329789748e+01
5.260695353913314420e+01
5.273280749496839093e+01
5.285866145080363765e+01
5.298451540663888437e+01
5.311036936247413109e+01
5.323622331830937782e+01
5.336207727414462454e+01
5.348793122997987126e+01
5.361378518581511798e+01
5.373963914165036471e+01
5.386549309748561143e+01
5.399134705332085815e+01
5.411720100915610487e+01
5.424305496499135160e+01
5.436890892082659832e+01
5.449476287666184504e+01
5.462061683249709176e+01
5.474647078833233849e+01
5.487232474416758521e+01
5.499817870000283193e+01
5.512403265583807865e+01
5.524988661167332538e+01
5.537574056750857210e+01
5.550159452334381882e+01
5.562744847917906554e+01
5.575330243501431227e+01
5.587915639084955899e+01
5.600501034668480571e+01
5.613086430252005243e+01
5.625671825835529916e+01
5.638257221419054588e+01
5.650842617002579260e+01
5.663428012586103932e+01
5.676013408169628605e+01
5.688598803753153277e+01
5.701184199336677949e+01
5.713769594920202621e+01
5.726354990503727294e+01
5.738940386087251966e+01
5.751525781670776638e+01
5.764111177254301310e+01
5.776696572837825983e+01
5.789281968421350655e+01
5.801867364004875327e+01
5.814452759588399999e+01
5.827038155171924672e+01
5.839623550755449344e+01
5.852208946338974016e+01
5.864794341922498688e+01
5.877379737506023361e+01
5.889965133089548033e+01
5.902550528673072705e+01
5.915135924256597377e+01
5.927721319840122050e+01
5.940306715423646722e+01
5.952892111007171394e+01
5.965477506590696066e+01
5.978062902174220739e+01
5.990648297757745411e+01
6.003233693341270083e+01
6.015819088924794755e+01
6.028404484508319428e+01
6.040989880091844100e+01
6.053575275675368772e+01
6.066160671258893444e+01
6.078746066842418116e+01
6.091331462425942789e+01
6.103916858009467461e+01
6.116502253592992133e+01
6.129087649176516805e+01
6.141673044760041478e+01
6.154258440343566150e+01
6.166843835927090822e+01
6.179429231510615494e+01
6.192014627094140167e+01
6.204600022677664839e+01
6.217185418261189511e+01
6.229770813844714183e+01
6.242356209428238856e+01
6.254941605011763528e+01
6.267527000595288200e+01
6.280112396178812872e+01
6.292697791762337545e+01
6.305283187345862217e+01
6.317868582929386889e+01
6.330453978512911561e+01
6.343039374096436234e+01
6.355624769679960906e+01
6.368210165263485578e+01
6.380795560847010250e+01
6.393380956430534923e+01
6.405966352014058884e+01
6.418551747597584267e+01
6.431137143181108229e+01
6.443722538764633612e+01
6.456307934348158994e+01
6.468893329931682956e+01
6.481478725515208339e+01
6.494064121098732301e+01
6.506649516682257683e+01
6.519234912265781645e+01
6.531820307849307028e+01
6.544405703432830990e+01
6.556991099016356372e+01
6.569576494599880334e+01
6.582161890183405717e+01
6.594747285766929679e+01
6.607332681350455061e+01
6.619918076933979023e+01
6.632503472517504406e+01
6.645088868101028368e+01
6.657674263684553750e+01
6.670259659268077712e+01
6.682845054851603095e+01
6.695430450435127057e+01
6.708015846018652439e+01
6.720601241602176401e+01
6.733186637185701784e+01
6.745772032769225746e+01
6.758357428352751128e+01
6.770942823936275090e+01
6.783528219519800473e+01
6.796113615103324435e+01
6.808699010686849817e+01
6.821284406270373779e+01
6.833869801853899162e+01
6.846455197437423124e+01
6.859040593020948506e+01
6.871625988604472468e+01
6.884211384187997851e+01
6.896796779771521813e+01
6.909382175355047195e+01
6.921967570938571157e+01
6.934552966522096540e+01
6.947138362105620502e+01
6.959723757689145884e+01
6.972309153272669846e+01
6.984894548856195229e+01
6.997479944439719191e+01
7.010065340023244573e+01
7.022650735606768535e+01
7.035236131190293918e+01
7.047821526773817880e+01
7.060406922357343262e+01
7.072992317940867224e+01
7.085577713524392607e+01
7.098163109107916569e+01
7.110748504691441951e+01
7.123333900274965913e+01
7.135919295858491296e+01
7.148504691442015258e+01
7.161090087025540640e+01
7.173675482609064602e+01
7.186260878192589985e+01
7.198846273776113946e+01
7.211431669359639329e+01
7.224017064943163291e+01
7.236602460526688674e+01
7.249187856110212635e+01
7.261773251693738018e+01
7.274358647277261980e+01
7.286944042860787363e+01
7.299529438444311324e+01
7.312114834027836707e+01
7.324700229611360669e+01
7.337285625194886052e+01
7.349871020778410013e+01
7.362456416361935396e+01
7.375041811945459358e+01
7.387627207528984741e+01
7.400212603112508702e+01
7.412797998696034085e+01
7.425383394279558047e+01
7.437968789863083430e+01
7.450554185446607391e+01
7.463139581030132774e+01
7.475724976613656736e+01
7.488310372197182119e+01
7.500895767780706080e+01
7.513481163364231463e+01
7.526066558947755425e+01
7.538651954531280808e+01
7.551237350114804769e+01
7.563822745698330152e+01
7.576408141281854114e+01
7.588993536865379497e+01
7.601578932448903458e+01
7.614164328032428841e+01
7.626749723615952803e+01
7.639335119199478186e+01
7.651920514783002147e+01
7.664505910366527530e+01
7.677091305950051492e+01
7.689676701533576875e+01
7.702262097117100836e+01
7.714847492700626219e+01
7.727432888284150181e+01
7.740018283867675564e+01
7.752603679451199525e+01
7.765189075034724908e+01
7.777774470618248870e+01
7.790359866201774253e+01
7.802945261785298214e+01
7.815530657368823597e+01
7.828116052952347559e+01
7.840701448535872942e+01
7.853286844119396903e+01
7.865872239702922286e+01
7.878457635286446248e+01
7.891043030869971631e+01
7.903628426453495592e+01
7.916213822037020975e+01
7.928799217620544937e+01
7.941384613204070320e+01
7.953970008787594281e+01
7.966555404371119664e+01
7.979140799954643626e+01
7.991726195538169009e+01
8.004311591121692970e+01
8.016896986705218353e+01
8.029482382288742315e+01
8.042067777872267698e+01
8.054653173455791659e+01
8.067238569039317042e+01
8.079823964622841004e+01
8.092409360206366387e+01
8.104994755789890348e+01
8.117580151373415731e+01
8.130165546956939693e+01
8.142750942540465076e+01
8.155336338123989037e+01
8.167921733707514420e+01
8.180507129291038382e+01
8.193092524874563765e+01
8.205677920458087726e+01
8.218263316041613109e+01
8.230848711625137071e+01
8.243434107208662454e+01
8.256019502792186415e+01
8.268604898375711798e+01
8.281190293959235760e+01
8.293775689542761143e+01
8.306361085126285104e+01
8.318946480709810487e+01
8.331531876293334449e+01
8.344117271876859832e+01
8.356702667460383793e+01
8.369288063043909176e+01
8.381873458627433138e+01
8.394458854210958521e+01
8.407044249794482482e+01
8.419629645378007865e+01
8.432215040961531827e+01
8.444800436545057210e+01
8.457385832128581171e+01
8.469971227712106554e+01
8.482556623295630516e+01
8.495142018879155899e+01
8.507727414462679860e+01
8.520312810046205243e+01
8.532898205629729205e+01
8.545483601213254587e+01
8.558068996796778549e+01
8.570654392380303932e+01
8.583239787963827894e+01
8.595825183547353276e+01
8.608410579130877238e+01
8.620995974714402621e+01
8.633581370297926583e+01
8.646166765881451965e+01
8.658752161464975927e+01
8.671337557048501310e+01
8.683922952632025272e+01
8.696508348215550654e+01
8.709093743799074616e+01
8.721679139382599999e+01
8.734264534966123961e+01
8.746849930549649343e+01
8.759435326133173305e+01
8.772020721716698688e+01
8.784606117300222650e+01
8.797191512883748032e+01
8.809776908467271994e+01
8.822362304050797377e+01
8.834947699634321339e+01
8.847533095217846721e+01
8.860118490801370683e+01
8.872703886384896066e+01
8.885289281968420028e+01
8.897874677551945410e+01
8.910460073135469372e+01
8.923045468718994755e+01
8.935630864302518717e+01
8.948216259886044099e+01
8.960801655469568061e+01
8.973387051053093444e+01
8.985972446636617406e+01
8.998557842220142788e+01
9.011143237803666750e+01
9.023728633387192133e+01
9.036314028970716095e+01
9.048899424554241477e+01
9.061484820137765439e+01
9.074070215721290822e+01
9.086655611304814784e+01
9.099241006888340166e+01
9.111826402471864128e+01
9.124411798055389511e+01
9.136997193638913473e+01
9.149582589222438855e+01
9.162167984805962817e+01
9.174753380389488200e+01
9.187338775973012162e+01
9.199924171556537544e+01
9.212509567140061506e+01
9.225094962723586889e+01
9.237680358307110851e+01
9.250265753890636233e+01
9.262851149474160195e+01
9.275436545057685578e+01
9.288021940641209540e+01
9.300607336224734922e+01
9.313192731808258884e+01
9.325778127391784267e+01
9.338363522975308229e+01
9.350948918558833611e+01
9.363534314142357573e+01
9.376119709725882956e+01
9.388705105309406918e+01
9.401290500892932300e+01
9.413875896476456262e+01
9.426461292059981645e+01
9.439046687643505607e+01
9.451632083227030989e+01
9.464217478810554951e+01
9.476802874394080334e+01
9.489388269977604295e+01
9.501973665561129678e+01
9.514559061144653640e+01
9.527144456728179023e+01
9.539729852311702984e+01
9.552315247895228367e+01
9.564900643478752329e+01
9.577486039062277712e+01
9.590071434645801673e+01
9.602656830229327056e+01
9.615242225812851018e+01
9.627827621396376401e+01
9.640413016979900362e+01
9.652998412563425745e+01
9.665583808146951128e+01
9.678169203730475090e+01
9.690754599314000473e+01
9.703339994897524434e+01
9.715925390481049817e+01
9.728510786064573779e+01
9.741096181648099162e+01
9.753681577231623123e+01
9.766266972815148506e+01
9.778852368398672468e+01
9.791437763982197851e+01
9.804023159565721812e+01
9.816608555149247195e+01
9.829193950732771157e+01
9.841779346316296539e+01
9.854364741899820501e+01
9.866950137483345884e+01
9.879535533066869846e+01
9.892120928650395228e+01
9.904706324233919190e+01
9.917291719817444573e+01
9.929877115400968535e+01
9.942462510984493917e+01
9.955047906568017879e+01
9.967633302151543262e+01
9.980218697735067224e+01
9.992804093318592606e+01
1.000538948890211657e+02
1.001797488448564195e+02
1.003056028006916591e+02
1.004314567565269130e+02
1.005573107123621526e+02
1.006831646681974064e+02
1.008090186240326460e+02
1.009348725798678998e+02
1.010607265357031395e+02
1.011865804915383933e+02
1.013124344473736329e+02
1.014382884032088867e+02
1.015641423590441264e+02
1.016899963148793802e+02
1.018158502707146198e+02
1.019417042265498736e+02
1.020675581823851132e+02
1.021934121382203671e+02
1.023192660940556067e+02
1.024451200498908605e+02
1.025709740057261001e+02
1.026968279615613540e+02
1.028226819173965936e+02
1.029485358732318474e+02
1.030743898290670870e+02
1.032002437849023408e+02
1.033260977407375805e+02
1.034519516965728343e+02
1.035778056524080739e+02
1.037036596082433277e+02
1.038295135640785674e+02
1.039553675199138212e+02
1.040812214757490608e+02
1.042070754315843146e+02
1.043329293874195542e+02
1.044587833432548081e+02
1.045846372990900477e+02
1.047104912549253015e+02
1.048363452107605411e+02
1.049621991665957950e+02
1.050880531224310346e+02
1.052139070782662884e+02
1.053397610341015280e+02
1.054656149899367819e+02
1.055914689457720215e+02
1.057173229016072753e+02
1.058431768574425149e+02
1.059690308132777687e+02
1.060948847691130084e+02
1.062207387249482622e+02
1.063465926807835018e+02
1.064724466366187556e+02
1.065983005924539953e+02
1.067241545482892491e+02
1.068500085041244887e+02
1.069758624599597425e+02
1.071017164157949821e+02
1.072275703716302360e+02
1.073534243274654756e+02
1.074792782833007294e+02
1.076051322391359690e+02
1.077309861949712229e+02
1.078568401508064625e+02
1.079826941066417163e+02
1.081085480624769559e+02
1.082344020183122097e+02
1.083602559741474494e+02
1.084861099299827032e+02
1.086119638858179428e+02
1.087378178416531966e+02
1.088636717974884363e+02
1.089895257533236901e+02
1.091153797091589297e+02
1.092412336649941835e+02
1.093670876208294231e+02
1.094929415766646770e+02
1.096187955324999166e+02
1.097446494883351704e+02
1.098705034441704100e+02
1.099963574000056639e+02
1.101222113558409035e+02
1.102480653116761573e+02
1.103739192675113969e+02
1.104997732233466508e+02
1.106256271791818904e+02
1.107514811350171442e+02
1.108773350908523838e+02
1.110031890466876376e+02
1.111290430025228773e+02
1.112548969583581311e+02
1.113807509141933707e+02
1.115066048700286245e+02
1.116324588258638641e+02
1.117583127816991180e+02
1.118841667375343576e+02
1.120100206933696114e+02
1.121358746492048510e+02
1.122617286050401049e+02
1.123875825608753445e+02
1.125134365167105983e+02
1.126392904725458379e+02
1.127651444283810918e+02
1.128909983842163314e+02
1.130168523400515852e+02
1.131427062958868248e+02
1.132685602517220786e+02
1.133944142075573183e+02
1.135202681633925721e+02
1.136461221192278117e+02
1.137719760750630655e+02
1.138978300308983052e+02
1.140236839867335590e+02
1.141495379425687986e+02
1.142753918984040524e+02
1.144012458542392920e+02
1.145270998100745459e+02
1.146529537659097855e+02
1.147788077217450393e+02
1.149046616775802789e+02
1.150305156334155328e+02
1.151563695892507724e+02
1.152822235450860262e+02
1.154080775009212658e+02
1.155339314567565197e+02
1.156597854125917593e+02
1.157856393684270131e+02
1.159114933242622527e+02
1.160373472800975065e+02
1.161632012359327462e+02
1.162890551917680000e+02
1.164149091476032396e+02
1.165407631034384934e+02
1.166666170592737330e+02
1.167924710151089869e+02
1.169183249709442265e+02
1.170441789267794803e+02
1.171700328826147199e+02
1.172958868384499738e+02
1.174217407942852134e+02
1.175475947501204672e+02
1.176734487059557068e+02
1.177993026617909607e+02
1.179251566176262003e+02
1.180510105734614541e+02
1.181768645292966937e+02
1.183027184851319475e+02
1.184285724409671872e+02
1.185544263968024410e+02
1.186802803526376806e+02
1.188061343084729344e+02
1.189319882643081741e+02
1.190578422201434279e+02
1.191836961759786675e+02
1.193095501318139213e+02
1.194354040876491609e+02
1.195612580434844148e+02
1.196871119993196544e+02
1.198129659551549082e+02
1.199388199109901478e+02
1.200646738668254017e+02
1.201905278226606413e+02
1.203163817784958951e+02
1.204422357343311347e+02
1.205680896901663886e+02
1.206939436460016282e+02
1.208197976018368820e+02
1.209456515576721216e+02
1.210715055135073754e+02
1.211973594693426151e+02
1.213232134251778689e+02
1.214490673810131085e+02
1.215749213368483623e+02
1.217007752926836019e+02
1.218266292485188558e+02
1.219524832043540954e+02
1.220783371601893492e+02
1.222041911160245888e+02
1.223300450718598427e+02
1.224558990276950823e+02
1.225817529835303361e+02
1.227076069393655757e+02
1.228334608952008296e+02
1.229593148510360692e+02
1.230851688068713230e+02
1.232110227627065626e+02
1.233368767185418164e+02
1.234627306743770561e+02
1.235885846302123099e+02
1.237144385860475495e+02
1.238402925418828033e+02
1.239661464977180430e+02
1.240920004535532968e+02
1.242178544093885364e+02
1.243437083652237902e+02
1.244695623210590298e+02
1.245954162768942837e+02
1.247212702327295233e+02
1.248471241885647771e+02
1.249729781444000167e+02
1.250988321002352706e+02
1.252246860560705102e+02
1.253505400119057640e+02
1.254763939677410036e+02
1.256022479235762574e+02
1.257281018794114971e+02
1.258539558352467509e+02
1.259798097910819905e+02
1.261056637469172443e+02
1.262315177027524840e+02
1.263573716585877378e+02
1.264832256144229774e+02
1.266090795702582312e+02
1.267349335260934708e+02
1.268607874819287247e+02
1.269866414377639643e+02
1.271124953935992181e+02
1.272383493494344577e+02
1.273642033052697116e+02
1.274900572611049512e+02
1.276159112169402050e+02
1.277417651727754446e+02
1.278676191286106985e+02
1.279934730844459381e+02
1.281193270402811777e+02
1.282451809961164315e+02
1.283710349519516853e+02
1.284968889077869392e+02
1.286227428636221646e+02
1.287485968194574184e+02
1.288744507752926722e+02
1.290003047311279261e+02
1.291261586869631799e+02
1.292520126427984053e+02
1.293778665986336591e+02
1.295037205544689130e+02
1.296295745103041668e+02
1.297554284661393922e+02
1.298812824219746460e+02
1.300071363778098998e+02
1.301329903336451537e+02
1.302588442894803791e+02
1.303846982453156329e+02
1.305105522011508867e+02
1.306364061569861406e+02
1.307622601128213660e+02
1.308881140686566198e+02
1.310139680244918736e+02
1.311398219803271274e+02
1.312656759361623529e+02
1.313915298919976067e+02
1.315173838478328605e+02
1.316432378036681143e+02
1.317690917595033397e+02
1.318949457153385936e+02
1.320207996711738474e+02
1.321466536270091012e+02
1.322725075828443266e+02
1.323983615386795805e+02
1.325242154945148343e+02
1.326500694503500881e+02
1.327759234061853135e+02
1.329017773620205674e+02
1.330276313178558212e+02
1.331534852736910750e+02
1.332793392295263004e+02
1.334051931853615542e+02
1.335310471411968081e+02
1.336569010970320619e+02
1.337827550528672873e+02
1.339086090087025411e+02
1.340344629645377950e+02
1.341603169203730488e+02
1.342861708762082742e+02
1.344120248320435280e+02
1.345378787878787818e+02
