0.000000000000000000e+00
0.000000000000000000e+00
0.000000000000000000e+00
0.000000000000000000e+00
0.000000000000000000e+00
0.000000000000000000e+00
-2.251470417704838373e-03
-2.243084131279966288e-03
-2.232166402578446111e-03
-2.218816226549643819e-03
-2.203118456007302668e-03
-2.185172085900787767e-03
-2.165076111179466394e-03
-2.142957811063951265e-03
-2.118944464774855964e-03
-2.093149209397170488e-03
-2.065713466287132441e-03
-2.036778656800978995e-03
-2.006457918023699712e-03
-1.974906813447156219e-03
-1.942252622291961448e-03
-1.908622623778729200e-03
-1.874158239263696863e-03
-1.838986747967478021e-03
-1.803207144839438650e-03
-1.766960851235816138e-03
-1.730346862105976678e-03
-1.693464172399286463e-03
-1.656411777065111253e-03
-1.619274528917193871e-03
-1.582123138633652901e-03
-1.545042459028230300e-03
-1.508074916507797479e-03
-1.471291221750473241e-03
-1.434733801163128562e-03
-1.398426696376324366e-03
-1.362402434301994295e-03
-1.326679399716450139e-03
-1.291268906328190162e-03
-1.256176610991464144e-03
-1.221396856852022521e-03
-1.186923987055615946e-03
-1.152739616825933493e-03
-1.118823947173102013e-03
-1.085151522252998570e-03
-1.051692643580813546e-03
-1.018411955817487540e-03
-9.852712751968362593e-04
-9.522338321662385079e-04
-9.192529576781356465e-04
-8.862862253256563721e-04
-8.532883802748049244e-04
-8.202099250508982069e-04
-7.870041906063779055e-04
-7.536245078936858145e-04
-7.200213794381387289e-04
-6.861481361921783345e-04
-6.519581091082463174e-04
-6.174046291387845801e-04
-5.824424414497968204e-04
-5.470305338479746144e-04
-5.111236514993216596e-04
-4.746836106376540977e-04
-4.376693990696630711e-04
-4.000456614562892328e-04
-3.617756282449109532e-04
-3.228239440964687768e-04
-2.831609105261529758e-04
-2.427540006220288774e-04
-2.015763443264114818e-04
-1.595982431544908987e-04
-1.167952312116381014e-04
-7.314241833915529430e-05
-2.861703569868829250e-05
1.680297844133593065e-05
6.313784733485930270e-05
1.104072285503988231e-04
1.586295068642653509e-04
2.078229256314134265e-04
2.580034654650980273e-04
3.091866827145050775e-04
3.613881337288207449e-04
4.146247890707935074e-04
4.689079624489224407e-04
5.242532102123935228e-04
5.806746744968304492e-04
6.381836690107324040e-04
6.967957501032854195e-04
7.565222314829881918e-04
8.173772552854648502e-04
8.793721352192143074e-04
9.425195992062978135e-04
1.006833789382338955e-03
1.072326019455837080e-03
1.139010431562415557e-03
1.206896925197011288e-03
1.276001056708810305e-03
1.346332725592748860e-03
1.417904659770888743e-03
1.490736658233103324e-03
1.564827306765829941e-03
1.640204889640315550e-03
1.716869406856561236e-03
1.794849142685813522e-03
1.874144097128073059e-03
1.954768412318963217e-03
2.036722088258484213e-03
2.120047551353507025e-03
2.204730659468407631e-03
2.290799696874434507e-03
2.378254663571586786e-03
2.467109701695488055e-03
2.557378953381763201e-03
2.649076560766034077e-03
2.742202523848302851e-03
2.836785126899815396e-03
2.932810227784948560e-03
3.030306110774949949e-03
3.129286918005442283e-03
3.229738507340803710e-03
3.331689163052280103e-03
3.435153027275495482e-03
3.540115957874826694e-03
3.646592096985896893e-03
3.754595586744330100e-03
3.864140569285750334e-03
3.975212902474533141e-03
4.087826728446302543e-03
4.201996189336682126e-03
4.317721285145672758e-03
4.435002015873274438e-03
4.553852523655108585e-03
4.674258666355553780e-03
4.796248728245857199e-03
4.919808567190394819e-03
5.044938183189166640e-03
5.171651718377795817e-03
5.299935030620659196e-03
5.429816404189003951e-03
5.561267554811582907e-03
5.694302624624020086e-03
5.828921613626315487e-03
5.965110379682843356e-03
6.102897207064854335e-03
6.242253811501099516e-03
6.383194335127202919e-03
6.525704635807538789e-03
6.669784713542109729e-03
6.815448710466538024e-03
6.962668342309578234e-03
7.111457751206850912e-03
7.261802795022734638e-03
7.413703473757229413e-03
7.567159787410334369e-03
7.722157593846424618e-03
7.878696893065502763e-03
8.036763542931943047e-03
8.196357543445748073e-03
8.357478894606914371e-03
8.520113454279819656e-03
8.684261222464465663e-03
8.849893914889602614e-03
9.017025673690854531e-03
9.185628214596975108e-03
9.355715679743586630e-03
9.527259784859444525e-03
9.700260529944543589e-03
9.874703772863266740e-03
1.005057537147998302e-02
1.022787532579469937e-02
1.040657535153616253e-02
1.058667544870437772e-02
1.076816147516371572e-02
1.095101928877855769e-02
1.113522060527765388e-02
1.132077956679662656e-02
1.150766788906422942e-02
1.169587142994484193e-02
1.188536190516721429e-02
1.207613931473134478e-02
1.226818951650160937e-02
1.246148422620676349e-02
1.265600930171118313e-02
1.285173645874362024e-02
1.304866569730407481e-02
1.324676873312129709e-02
1.344601728192404422e-02
1.364641134371231100e-02
1.384790849207923058e-02
1.405049458488917546e-02
1.425414133787090108e-02
1.445877804034628733e-02
1.466454611367157441e-02
1.487130413649051866e-02
1.507891068744689027e-02
1.528750718789692251e-02
1.549709363784061364e-02
1.570752861592172867e-02
1.591881212214027105e-02
1.613094415649623387e-02
1.634378329763338730e-02
1.655747096690796116e-02
1.677186574296372218e-02
1.698696762580067035e-02
1.720277661541880568e-02
1.741929271181812469e-02
1.763637449364239412e-02
1.785388053953537724e-02
1.807209369220954404e-02
1.829073110895242799e-02
1.850993421112025542e-02
1.872942015600055979e-02
1.894933036494957784e-02
1.916966483796730264e-02
1.939014073234127111e-02
1.961104089078394633e-02
1.983208247058286175e-02
2.005326547173801391e-02
2.027458989424940280e-02
2.049605573811702844e-02
2.071766300334089428e-02
2.093912884720852338e-02
2.116045326971991228e-02
2.138177769223129771e-02
2.160296069338645333e-02
2.182400227318536876e-02
2.204476101027180723e-02
2.226509548328953203e-02
2.248514711359479029e-02
2.270491590118756814e-02
2.292411900335539904e-02
2.314275642009827952e-02
2.336082815141621305e-02
2.357833419730919269e-02
2.379513313642098518e-02
2.401108354739536072e-02
2.422632685158854216e-02
2.444072162764430664e-02
2.465412645420640356e-02
2.486654133127484331e-02
2.507796625884962244e-02
2.528811839421826052e-02
2.549728058009324491e-02
2.570502855240585152e-02
2.591150373251232403e-02
2.611670612041265896e-02
2.632035287339438631e-02
2.652258541281373935e-02
2.672312089595824114e-02
2.692195932282790208e-02
2.711924211477894850e-02
2.731454500774267019e-02
2.750815084443154757e-02
2.769963536077686347e-02
2.788928139949109833e-02
2.807666469650553498e-02
2.826192667317641016e-02
2.844506732950372735e-02
2.862566240141876592e-02
2.880399473163401669e-02
2.897992289879322905e-02
2.915316406018393300e-02
2.932385963716236527e-02
2.949172678701604891e-02
2.965690693110122761e-02
2.981911722670542442e-02
2.997835767382863240e-02
3.013462827247086195e-02
3.028778760127586595e-02
3.043769423888741457e-02
3.058434818530550436e-02
3.072760801917389858e-02
3.086733231913636050e-02
3.100352108519289010e-02
3.113617431734348739e-02
3.126500917287567544e-02
3.139016707314569443e-02
3.151136517544107091e-02
3.162860347976179792e-02
3.174174056475164568e-02
3.185063500905437744e-02
3.195542823402621607e-02
3.205583739695470891e-02
3.215186249783984207e-02
3.224322069396914903e-02
3.233019482805508937e-02
3.241236063602896678e-02
3.248971811789077430e-02
3.256226727364051887e-02
3.262986668192194989e-02
3.269237492137883755e-02
3.274979199201118879e-02
3.280197647246275300e-02
3.284878694137730731e-02
3.289022339875483786e-02
3.292614442323911483e-02
3.295640859347389456e-02
3.298115733081542766e-02
3.299996637119499004e-02
3.301297713596881844e-02
3.302004820378069000e-02
3.302103815327434716e-02
3.301594698444980380e-02
3.300463327595081625e-02
3.298695560642115471e-02
3.296291397586081223e-02
3.293236696291355209e-02
3.289517314622314448e-02
3.285133252578957552e-02
3.280084510161285910e-02
3.274342803098050786e-02
3.267908131389252874e-02
3.260766352899269194e-02
3.252917467628098358e-02
3.244347333440117387e-02
3.235041808199702607e-02
3.225000891906853323e-02
3.214224584561570924e-02
3.202684601892605981e-02
3.190380943899960575e-02
3.177299468448009645e-02
3.163440175536753191e-02
3.148803065166191212e-02
3.133359853065077055e-02
3.117110539233410027e-02
3.100040981535566800e-02
3.082151179971547375e-02
3.063441134541351057e-02
3.043882560973731541e-02
3.023475459268687784e-02
3.002219829426219788e-02
2.980087387175081245e-02
2.957092274650894442e-02
2.933206207582412725e-02
2.908443328105259768e-02
2.882775351948188569e-02
2.856216421246821416e-02
2.828724109594288327e-02
2.800326701261836998e-02
2.770995911978219040e-02
2.740731741743434452e-02
2.709520048421860602e-02
2.677360832013496103e-02
2.644239950382718668e-02
2.610157403529526909e-02
2.575084907182673827e-02
2.539050745613407462e-02
2.502012492414856099e-02
2.463970147587020085e-02
2.424937853265522400e-02
2.384887325179116391e-02
2.343804421192178036e-02
2.301717425575955031e-02
2.258569769787951292e-02
2.214389738099416249e-02
2.169163188374724494e-02
2.122875978478253045e-02
2.075528108410001904e-02
2.027105436034347050e-02
1.977593819215665155e-02
1.927007400089579200e-02
1.875317894384842879e-02
1.822539444237079170e-02
1.768629623239416360e-02
1.713616715663103182e-02
1.657486579372514923e-02
1.600210930096404582e-02
1.541803909970395833e-02
1.482251376858864829e-02
1.421553330761811569e-02
1.359685730048675739e-02
1.296654231573706774e-02
1.232448935841968379e-02
1.167061357572085969e-02
1.100487254123372512e-02
1.032716726000891365e-02
9.637441163503930944e-03
8.935609398905034612e-03
8.221629539805354325e-03
7.495416733391145961e-03
6.756900268984292884e-03
6.006009435906673258e-03
5.242701807751420223e-03
4.466878389569163034e-03
3.678496754953033965e-03
2.877472051089289325e-03
2.063761851571057487e-03
1.237291203079533830e-03
3.979992944315354224e-04
-4.541746855561195283e-04
-1.319287305425926021e-03
-2.197405033215314978e-03
-3.088557567409097593e-03
-3.992834003461702072e-03
-4.910276767780000044e-03
-5.840914144635238683e-03
-6.784830986841161246e-03
-7.742041436533390018e-03
-8.712602062254421950e-03
-9.696555290411126501e-03
-1.069392940527475258e-02
-1.170476683325217052e-02
-1.272909585861462488e-02
-1.376693062349774663e-02
-1.481827112790152882e-02
-1.588331536172470776e-02
-1.696179462439043051e-02
-1.805385033725493207e-02
-1.915962392167445613e-02
-2.027883253493652227e-02
-2.141175901975361090e-02
-2.255812053341324161e-02
-2.371805849727165461e-02
-2.489157291132884642e-02
-2.607852235422858725e-02
-2.727890682597087016e-02
-2.849258490519945841e-02
-2.971969801327059221e-02
-3.096010472882803830e-02
-3.221352220915930931e-02
-3.348023329697689260e-02
-3.475981372821206755e-02
-3.605226350286484110e-02
-3.735744119957896958e-02
-3.867520539699822318e-02
-4.000555609512258803e-02
-4.134821045123960453e-02
-4.270288562263679227e-02
-4.406958160931415125e-02
-4.544787414720297125e-02
-4.683776323630324534e-02
-4.823896603390250698e-02
-4.965105827593204596e-02
-5.107389854103561860e-02
-5.250720398650075144e-02
-5.395069176961497098e-02
-5.540393762630956703e-02
-5.686651729251582243e-02
-5.833828934687750045e-02
-5.981868810396965414e-02
-6.130728929972357327e-02
-6.280366867007054765e-02
-6.430740195094185319e-02
-6.581792345691256374e-02
-6.733495034527017808e-02
-6.885763408787728967e-02
-7.038555042066517442e-02
-7.191799223685267639e-02
-7.345453527237102986e-02
-7.499447242043910666e-02
-7.653709657427566759e-02
-7.808155920574331998e-02
-7.962743605077335363e-02
-8.117359573851586074e-02
-8.271961400490213112e-02
-8.426450090043849372e-02
-8.580740789698754201e-02
-8.734748646641184167e-02
-8.888374665921773554e-02
-9.041548136862403995e-02
-9.194141780242461037e-02
-9.346084885383826313e-02
-9.497264315201510432e-02
-9.647566932610524004e-02
-9.796907884797122212e-02
-9.945174034676317054e-02
-1.009223810302749547e-01
-1.023798695276566667e-01
-1.038232158894146356e-01
-1.052511473233427586e-01
-1.066625324585911000e-01
-1.080560985029535431e-01
-1.094307140855801941e-01
-1.107849649929086716e-01
-1.121175784327328590e-01
-1.134275644555590434e-01
-1.147133674264686626e-01
-1.159738559746118086e-01
-1.172077573077823370e-01
-1.184137986337741172e-01
-1.195905657390247540e-01
-1.207370686740406318e-01
-1.218517518039030911e-01
-1.229333423364060429e-01
-1.239809917434120390e-01
-1.249930029686462246e-01
-1.259685274839711933e-01
-1.269062924971807726e-01
-1.278050252160688738e-01
-1.286638771124980485e-01
-1.294814339729059571e-01
-1.302569886905113328e-01
-1.309892684731081280e-01
-1.316774247925588948e-01
-1.323206091207261847e-01
-1.329179729294725776e-01
-1.334686676906606528e-01
-1.339718448761529901e-01
-1.344270802218808791e-01
-1.348335251997069273e-01
-1.351907555455623688e-01
-1.354983469953785213e-01
-1.357558752850866468e-01
-1.359629161506180628e-01
-1.361193281706165326e-01
-1.362249699237258194e-01
-1.362796999885896587e-01
-1.362835183652080506e-01
-1.362367078962935241e-01
-1.361391271604897590e-01
-1.359913418432217580e-01
-1.357934933658457854e-01
-1.355462888351429696e-01
-1.352500110938258115e-01
-1.349053672486754951e-01
-1.345130644064731762e-01
-1.340740925167125674e-01
-1.335890172648185881e-01
-1.330589700216411597e-01
-1.324849407366739396e-01
-1.318682022021230305e-01
-1.312097443674820896e-01
-1.305109814463135676e-01
-1.297733276521797485e-01
-1.289979143559305819e-01
-1.281864386138409084e-01
-1.273403146394730956e-01
-1.264610980677457197e-01
-1.255506273762899416e-01
-1.246103167786680593e-01
-1.236418633311549692e-01
-1.226471055113817210e-01
-1.216278817969794340e-01
-1.205857478228666985e-01
-1.195225420666746058e-01
-1.184401030060342475e-01
-1.173402691185766733e-01
-1.162248788819330303e-01
-1.150954879310218670e-01
-1.139540761648305534e-01
-1.128021992182776656e-01
-1.116416955689943091e-01
-1.104742622732552970e-01
-1.093014549659793028e-01
-1.081249707034411117e-01
-1.069463651205593835e-01
-1.057669110095402210e-01
-1.045883054266584788e-01
-1.034119625854765523e-01
-1.022390138568442935e-01
-1.010707320329678888e-01
-9.990838990605344083e-02
-9.875311884695085751e-02
-9.760576738379757311e-02
-9.646746688744346765e-02
-9.533906588602597543e-02
-9.422127148632628013e-02
-9.311493221648181606e-02
-9.202061376191750242e-02
-9.093888180805832777e-02
-8.987016061897297459e-02
-8.881473303737393021e-02
-8.777316474868615548e-02
-8.674559717426585936e-02
-8.573217173546930636e-02
-8.473302985365270545e-02
-8.374803010745984766e-02
-8.277717249689071910e-02
-8.182045702194531978e-02
-8.087745941855493947e-02
-7.994817968671957820e-02
-7.903219356237052573e-02
-7.812907678143905799e-02
-7.723854650121272925e-02
-7.636003703626656480e-02
-7.549298270117561771e-02
-7.463695923187117776e-02
-7.379125952157206125e-02
-7.295531788485333513e-02
-7.212856863629002468e-02
-7.131002182638847275e-02
-7.049939461243621974e-02
-6.969555562358334400e-02
-6.889793917440492632e-02
-6.810583815811975528e-02
-6.731840404659041044e-02
-6.653478831167947138e-02
-6.575428384660578218e-02
-6.497604212323185302e-02
-6.419935603477655572e-02
-6.342351847445866497e-02
-6.264739807142831463e-02
-6.187057056161677365e-02
-6.109204599553038489e-02
-6.031125868774419446e-02
-5.952721868876455907e-02
-5.873936031316651096e-02
-5.794697645416886644e-02
-5.714936000499043489e-02
-5.634566243749380282e-02
-5.553545948761026002e-02
-5.471804404855860893e-02
-5.389270901355767279e-02
-5.305874727582626099e-02
-5.221587599265190005e-02
-5.136338805725339240e-02
-5.050071778420580498e-02
-4.962744090944042064e-02
-4.874313316888852221e-02
-4.784708745576893296e-02
-4.693902092736916554e-02
-4.601850931962051666e-02
-4.508512836845426919e-02
-4.413859523115796352e-02
-4.317848564366286862e-02
-4.220451676325651796e-02
-4.121640574722643807e-02
-4.021372833150391179e-02
-3.919648451608894607e-02
-3.816410861555658007e-02
-3.711674205126307136e-02
-3.605396055913968889e-02
-3.497562271783020288e-02
-3.388158710597837658e-02
-3.277171230222796633e-02
-3.164585688522274926e-02
-3.050402085496271495e-02
-2.934606279009162322e-02
-2.817184126925324425e-02
-2.698135629244757111e-02
-2.577460785967460727e-02
-2.455145454957811946e-02
-2.331203778351434094e-02
-2.205621614012702805e-02
-2.078413104077243140e-02
-1.949578248545054057e-02
-1.819117047416136251e-02
-1.687029500690489028e-02
-1.553343892639360256e-02
-1.418046081127126261e-02
-1.281147379862285912e-02
-1.142667587834712319e-02
-1.002610947685092860e-02
-8.609916015490512095e-03
-7.178222773486485526e-03
-5.731157030059463343e-03
-4.268888490836930324e-03
-2.791544435039500054e-03
-1.299318609925217798e-03
2.076221073055564746e-04
1.729088212035464860e-03
3.264895856501398314e-03
4.814817352319815565e-03
6.378654709591985092e-03
7.956181654147924734e-03
9.547143627546409925e-03
1.115132849775308209e-02
1.276845342205547122e-02
1.439824969987671920e-02
1.604043448850435774e-02
1.769478151376840253e-02
1.936100793295638528e-02
2.103868948199958885e-02
2.272754331818553630e-02
2.442728659880175762e-02
2.613749505977954260e-02
2.785788585840641429e-02
2.958803473061365902e-02
3.132751741233256310e-02
3.307605106085065999e-02
3.483306999074299581e-02
3.659829135929709015e-02
3.837129090244423973e-02
4.015136151340326087e-02
4.193822034946165928e-02
4.373130172519450881e-02
4.553018137653308539e-02
4.733429361805244207e-02
4.914307276432763189e-02
5.095595312993370790e-02
5.277236902944570929e-02
5.459175477743869603e-02
5.641340326713147058e-02
5.823674881309910678e-02
6.006108430856040709e-02
6.188598548944664740e-02
6.371046240626417057e-02
6.553394937358804351e-02
6.735573928463706173e-02
6.917498361127381867e-02
7.099111666807333965e-02
7.280328992689823198e-02
7.461065485961103361e-02
7.641250435943060249e-02
7.820798989821949043e-02
7.999626294784026315e-02
8.177661640151175082e-02
8.354806030974029629e-02
8.530988756574468812e-02
8.706096679867506016e-02
8.880059090175020098e-02
9.052805276818894076e-02
9.224207960578513499e-02
9.394196430775758611e-02
9.562685834596888756e-02
9.729577177092538220e-02
9.894785605448964960e-02
1.005821212471679910e-01
1.021975773994667630e-01
1.037935174046048098e-01
1.053689513130884464e-01
1.069228891754240018e-01
1.084544824634740556e-01
1.099628826491012012e-01
1.114472412041680044e-01
1.129065681791808079e-01
1.143400150460021636e-01
1.157465918551384559e-01
1.171258743425209331e-01
1.184765897159434783e-01
1.197980308686248802e-01
1.210896321151402333e-01
1.223502620846396161e-01
1.235793550916980676e-01
1.247762040295344321e-01
1.259399603700112336e-01
1.270697755849911070e-01
1.281652254104053146e-01
1.292256027394726448e-01
1.302500590440557049e-01
1.312380286387295758e-01
1.321889458380692550e-01
1.331022449566497956e-01
1.339772188876900139e-01
1.348134433671212273e-01
1.356102112881622246e-01
1.363672398081005599e-01
1.370838218201549941e-01
1.377596744816131091e-01
1.383942321070499026e-01
1.389870704323966921e-01
1.395377651935847951e-01
1.400460335479016827e-01
1.405114512312786723e-01
1.409335939796470261e-01
1.413121789502943260e-01
1.416476304072891990e-01
1.419375441875756760e-01
1.421836173474286258e-01
1.423858498868479650e-01
1.425428275922713817e-01
1.426559646772612433e-01
1.427224327146927596e-01
1.427450601316907208e-01
1.427210185011303922e-01
1.426531362501364808e-01
1.425385849515842795e-01
1.423787788190361003e-01
1.421751320660543660e-01
1.419248162655143419e-01
1.416306598445407350e-01
1.412915314322836791e-01
1.409074310287431464e-01
1.404792071620565574e-01
1.400068598322239399e-01
1.394908133033140041e-01
1.389314918393954601e-01
1.383294611258932272e-01
1.376850040055198066e-01
1.369988275850563542e-01
1.362716389712841369e-01
1.355038624282717818e-01
1.346963464841567371e-01
1.338497982457201863e-01
1.329652076624558144e-01
1.320431404197885683e-01
1.310848693099245510e-01
1.300911014396449739e-01
1.290629681797997586e-01
1.280014594798825067e-01
1.269077067107431678e-01
1.257829826645878168e-01
1.246282772909101944e-01
1.234450048032726260e-01
1.222342965725250197e-01
1.209975668122297565e-01
1.197360883145929394e-01
1.184512752931769913e-01
1.171444005401880012e-01
1.158168782691884058e-01
1.144701226937404892e-01
1.131056894487629250e-01
1.117247099051055931e-01
1.103288811190433483e-01
1.089194758827823212e-01
1.074980498312411298e-01
1.060658757566258908e-01
1.046243678724989995e-01
1.031750818137790598e-01
1.017191489513159519e-01
1.002579834986720708e-01
9.879299966940977007e-02
9.732547025573523580e-02
9.585638520714205579e-02
9.438730015854888966e-02
9.291934648080560355e-02
9.145337270204964564e-02
8.999079303584339717e-02
8.853259743168051532e-02
8.707977583905462948e-02
8.563317678610318784e-02
8.419393164367608429e-02
8.276288893991075313e-02
8.134075578158836417e-02
7.992852211820258845e-02
7.852675363517838680e-02
7.713615743929691515e-02
7.575758205869562167e-02
7.439159317879945332e-02
7.303861506367710643e-02
7.169921339875355570e-02
7.037409529080995707e-02
6.906354358255881176e-02
6.776798253806882999e-02
6.648797784276493095e-02
6.522381233935962974e-02
6.397576887056535822e-02
6.274413027909463147e-02
6.152932082901614586e-02
6.033148194168613809e-02
5.915089645981708166e-02
5.798784722612144310e-02
5.684247566195547302e-02
5.571492318867540122e-02
5.460547264899370812e-02
5.351412404291039371e-02
5.244116021313793147e-02
5.138658115967631446e-02
5.035052830388178635e-02
4.933314306711057695e-02
4.833442544936270013e-02
4.735465829335062243e-02
4.639370017771810017e-02
4.545169252382137703e-02
4.452849391030422321e-02
4.362452860123534198e-02
4.273951375390225293e-02
4.187344936830497688e-02
4.102647686579972974e-02
4.019845482503028172e-02
3.938952466735286956e-02
3.859954497141125651e-02
3.782837431584921278e-02
3.707615412202296123e-02
3.634260154722003533e-02
3.562771659144043507e-02
3.493135783332792371e-02
3.425324243017002779e-02
3.359351180332297709e-02
3.295174168871806142e-02
3.232793208635529464e-02
3.172165873216594573e-02
3.113278020479379182e-02
3.056101366152634904e-02
3.000621768100738412e-02
2.946782657781194317e-02
2.894569893058379639e-02
2.843955189661047031e-02
2.794881979046700410e-02
2.747321976944093122e-02
2.701232756946353800e-02
2.656571892646611768e-02
2.613296957637994966e-02
2.571337241242385371e-02
2.530678601324158963e-02
2.491236185069573353e-02
2.452967566071757172e-02
2.415816175788216072e-02
2.379725445676454665e-02
2.344624665058354582e-02
2.310471407527044455e-02
2.277194962404405221e-02
2.244724619012319206e-02
2.212989666672667000e-02
2.181933536842953561e-02
2.151485518845060868e-02
2.121574902000869858e-02
2.092116833496638142e-02
2.063068886925495046e-02
2.034346209473697487e-02
2.005863948327503074e-02
1.977579677080041481e-02
1.949380258646321931e-02
1.921237408755097423e-02
1.893052132457001199e-02
1.864753719073915586e-02
1.836285600063345194e-02
1.807577064747171655e-02
1.778543260311651886e-02
1.749127618214291538e-02
1.719273569912595570e-02
1.688896262592821246e-02
1.657953269848097891e-02
1.626373881000306790e-02
1.594101527506952901e-02
1.561093782961164855e-02
1.527265794549200438e-02
1.492589277999811954e-02
1.457021806906128730e-02
1.420506812725655377e-02
1.383004697478645503e-02
1.344477277398915468e-02
1.304889197147405221e-02
1.264210758239305704e-02
1.222410847976244247e-02
1.179468253154784992e-02
1.135358932144368144e-02
1.090070157022932258e-02
1.043586371441291086e-02
9.958990901180702141e-03
9.470054846261451859e-03
8.969027265383911970e-03
8.455950584954952803e-03
7.930895515652694461e-03
7.393961052426500750e-03
6.845331043039482206e-03
6.285175193119122740e-03
5.713733918971026365e-03
5.131247636900796230e-03
4.538055758163401024e-03
3.934455267606940844e-03
3.320842145028878294e-03
2.697598228091055428e-03
2.065161922997806911e-03
1.423971635953469577e-03
7.745223417048729833e-04
1.173003882961177715e-04
-5.471747836313365677e-04
-1.218371854042106560e-03
-1.895739138225510266e-03
-2.578733578173596393e-03
-3.266790902674978920e-03
-3.959345426304707212e-03
-4.655845605773456172e-03
-5.355711613520653530e-03
-6.058406048392596908e-03
-6.763391509235584798e-03
-7.470130594895915688e-03
-8.178114188491134376e-03
-8.886861457410034568e-03
-9.595891569041409969e-03
-1.030478025931654690e-02
-1.101308912203111112e-02
-1.172043631952326276e-02
-1.242646829840240823e-02
-1.313085978954919852e-02
-1.383329966597991387e-02
-1.453358993779582491e-02
-1.523136290947071057e-02
-1.592644887537708609e-02
-1.661870641415871472e-02
-1.730799410445936146e-02
-1.799417052492278957e-02
-1.867709425419275537e-02
-1.935662387091302908e-02
-2.003275937508360374e-02
-2.070550076670448630e-02
-2.137456520306319635e-02
-2.204009410551597756e-02
-2.270194605270658278e-02
-2.335997962327878916e-02
-2.401433623858881955e-02
-2.466459163456796722e-02
-2.531088723257247236e-02
-2.595308161124609131e-02
-2.659089192787635753e-02
-2.722403533975079407e-02
-2.785265326822563073e-02
-2.847618002787593097e-02
-2.909447419734545112e-02
-2.970711151256547403e-02
-3.031380913082352968e-02
-3.091400136669467461e-02
-3.150754679882265819e-02
-3.209373832042630714e-02
-3.267215166743690780e-02
-3.324207973307326258e-02
-3.380309825326666823e-02
-3.435450012123594105e-02
-3.489543680884364674e-02
-3.542548405202108897e-02
-3.594351047991835302e-02
-3.644909182846672868e-02
-3.694109672681632900e-02
-3.741881806818596334e-02
-3.788140732443819741e-02
-3.832787454607938793e-02
-3.875708836225962017e-02
-3.916848308755395414e-02
-3.956078592975625224e-02
-3.993300693937285040e-02
-4.028429758826632817e-02
-4.061352650558678473e-02
-4.091984516319679965e-02
-4.120212219024646516e-02
-4.145936763724213103e-02
-4.169073297604636991e-02
-4.189522825716551768e-02
-4.207186353110591720e-02
-4.221979026973014110e-02
-4.233830136625701263e-02
-4.242640687119285381e-02
-4.248368252046896831e-02
-4.250913836459167816e-02
-4.250220871813605028e-02
-4.246261073838960426e-02
-4.238977873992739315e-02
-4.228328845868069980e-02
-4.214285705193705073e-02
-4.196834309834020921e-02
-4.175960517653393850e-02
-4.151678470787447534e-02
-4.123988169236182666e-02
-4.092903755135222227e-02
-4.058481797027060911e-02
-4.020736437047323086e-02
-3.979724243738503447e-02
-3.935530069914344037e-02
-3.888196341981716569e-02
-3.837822054889986761e-02
-3.784492061452897349e-02
-3.728305356619814742e-02
-3.669360935340103963e-02
-3.607800218970003137e-02
-3.543708060323254305e-02
-3.477240022891718574e-02
-3.408509243760386720e-02
-3.337671286421118461e-02
-3.264867572230151227e-02
-3.190239522543723144e-02
-3.113928558718070949e-02
-3.036104386380679421e-02
-2.956908426887785990e-02
-2.876496243731252109e-02
-2.795023400402937841e-02
-2.712617176123457291e-02
-2.629461418655919605e-02
-2.545683407220937500e-02
-2.461424563174748406e-02
-2.376826307873590102e-02
-2.292015920538075305e-02
-2.207134822524442139e-02
-2.122310293053303668e-02
-2.037641327074026648e-02
-1.953241061671600470e-02
-1.869222633931014871e-02
-1.785670896666012239e-02
-1.702684844825958985e-02
-1.620335189088973823e-02
-1.538706782268798798e-02
-1.457856192907928776e-02
-1.377845646403108582e-02
-1.298723226015458670e-02
-1.220534186578974868e-02
-1.143316711859841683e-02
-1.067099086129306117e-02
-9.919095936586156889e-03
-9.177652050105190515e-03
-8.446800623206398781e-03
-7.726640650839148097e-03
-7.017228701545931945e-03
-6.318607201733623252e-03
-5.630747867130973978e-03
-4.953650697737983256e-03
-4.287259125012156738e-03
-3.631530722546623229e-03
-2.986408921798888814e-03
-2.351837154226457411e-03
-1.727758851286834022e-03
-1.114137243427397450e-03
-5.109412179497755226e-04
8.184704423691793892e-05
6.642264117618329293e-04
1.236178217005946085e-03
1.797663427674936172e-03
2.348612747304246618e-03
2.888955465215758620e-03
3.418578444324482830e-03
3.937354405409805233e-03
4.445156069251113111e-03
4.941799588085295930e-03
5.427115256284871514e-03
5.900919226086730196e-03
6.362999365456515136e-03
6.813129400224247206e-03
7.251111340491195323e-03
7.676704769951753736e-03
8.089669272300320166e-03
8.489792715502542109e-03
8.876848825388434366e-03
9.250597185652395527e-03
9.610853948531316790e-03
9.957406981990844785e-03
1.029004415399662094e-02
1.060860990105678275e-02
1.091292037540822490e-02
1.120284829783033467e-02
1.147823810483124610e-02
1.173900494359722026e-02
1.198503567704327019e-02
1.221627373662689461e-02
1.243266255380560265e-02
1.263415970217251875e-02
1.282076518172764988e-02
1.299247899247099082e-02
1.314932941867379308e-02
1.329138717101416810e-02
1.341869467589899487e-02
1.353133678614201058e-02
1.362944078096383314e-02
1.371310565531382551e-02
1.378247283054822615e-02
1.383769787015889582e-02
1.387895047977331930e-02
1.390638622288335562e-02
1.392021723152336680e-02
1.392062735345645473e-02
1.390782872071697797e-02
1.388206174961053793e-02
1.384352443003587264e-02
1.379247132043420233e-02
1.372914283711113535e-02
1.365379353850789887e-02
1.356666384093009256e-02
1.346802244495456762e-02
1.335813805115817869e-02
1.323727936011777351e-02
1.310574335668145303e-02
1.296378459929044095e-02
1.281171421492846227e-02
1.264981504630798871e-02
1.247839822041274700e-02
1.229776072209083117e-02
1.210822782046158848e-02
1.191012478464436794e-02
1.170376274162288413e-02
1.148948110265211181e-02
1.126763342112264456e-02
1.103855910828945193e-02
1.080264000181437208e-02
1.056021551295237629e-02
1.031169576363655249e-02
1.005743430725749427e-02
9.797841265748287801e-03
9.533312618906400471e-03
9.264272630800542488e-03
8.991145565499427533e-03
8.714327402800517777e-03
8.434284833179397228e-03
8.151456262840401853e-03
7.866280097987867620e-03
7.579223029097375934e-03
7.290723462373264498e-03
7.001276372562363626e-03
6.711334308004631571e-03
6.421363959175651476e-03
6.131846158686632235e-03
5.843233454877530368e-03
5.556020822495179659e-03
5.270674952015158912e-03
4.987634249641808432e-03
4.707393690121955930e-03
4.430377537524314221e-03
4.157066624460089600e-03
3.887856930726746839e-03
3.623201004664246359e-03
3.363508968205674351e-03
3.109190943284121343e-03
2.860614625425802332e-03
2.618161852292558503e-03
2.382172035139360280e-03
2.152998727356799941e-03
1.930924771657353128e-03
1.716275437160364728e-03
1.509291140171438320e-03
1.310219368063989713e-03
1.119283566580873360e-03
9.366718261258849629e-04
7.625481954722600599e-04
5.970441964812990294e-04
4.402687235973048031e-04
2.922981443526455315e-04
1.531791277948794201e-04
2.292765453726133129e-05
-9.846971044905129572e-05
-2.110572320485607140e-04
-3.149085907878665727e-04
-4.101290041560094832e-04
-4.968528224414147688e-04
-5.752412659901930776e-04
-6.454866678468270140e-04
-7.078054026863598875e-04
-7.624421294550820733e-04
-8.096655487298444346e-04
-8.497669885044958774e-04
-8.830618184034456876e-04
-9.098823786138514119e-04
-9.305822225263064114e-04
-9.455290456670277423e-04
-9.551060999114182768e-04
-9.597093650569426789e-04
-9.597418919688772976e-04
-9.556194594345596236e-04
-9.477592604548901352e-04
-9.365827306714554542e-04
-9.225141341529679608e-04
-9.059720781138899280e-04
-8.873765839822459660e-04
-8.671377736911245427e-04
-8.456586981058020073e-04
-8.233310943830556873e-04
-8.005382143982885633e-04
-7.776435110370304637e-04
-7.549977092627500755e-04
-7.329331492626050540e-04
-7.117637864474422394e-04
-6.917823630246727664e-04
-6.732561653575851613e-04
-6.564369234602819179e-04
-6.415466688620555854e-04
-6.287862198887632240e-04
-6.183309390221388520e-04
-6.103307328997943128e-04
-6.049100523152181911e-04
-6.021707206449014626e-04
-6.021876912076500488e-04
-6.050118756917090583e-04
-6.106715583683262069e-04
-6.191738103053132884e-04
-6.305002467263593792e-04
-6.446140980788428497e-04
-6.614602100338312553e-04
-6.809622150589561204e-04
-7.030296034862260329e-04
-7.275563092984625724e-04
-7.544221243428641654e-04
-7.834926983310055429e-04
-8.146266099066493170e-04
-8.476725382186213074e-04
-8.824706771343737450e-04
-9.188583920942334279e-04
-9.566645632571534573e-04
-9.957194849956488378e-04
-1.035853451682234791e-03
-1.076892515048739852e-03
-1.118669797894803267e-03
-1.161018423020065580e-03
-1.203775755864853808e-03
-1.246786232937306758e-03
-1.289901361813375249e-03
-1.332976892709697436e-03
-1.375879889551409954e-03
-1.418484487331462098e-03
-1.460670477897051426e-03
-1.502347351580186419e-03
-1.543387829160253709e-03
-1.583735342094758081e-03
-1.623305037569957145e-03
-1.662012062772108946e-03
-1.699828133429965443e-03
-1.736710823136655658e-03
-1.772603563349685026e-03
-1.807478069797805505e-03
-1.841334342481017530e-03
-1.874172381399320667e-03
-1.905963902281467741e-03
-1.936737189398706361e-03
-1.966506384886660113e-03
-1.995285630880952368e-03
-2.023103211652831166e-03
-2.049973269337920095e-03
-2.075966514614337524e-03
-2.101082947482083886e-03
-2.125379136483653529e-03
-2.148897508025918082e-03
-2.171666346380125151e-03
-2.193742220088768652e-03
-2.215153413423097493e-03
-2.235942352789982001e-03
-2.256137322460669784e-03
-2.275794890977655624e-03
-2.294929200476563975e-03
-2.313554393093017556e-03
-2.331727037369512017e-03
-2.349432991170422903e-03
-2.366686396631374669e-03
-2.383515538023614488e-03
-2.399920415347142361e-03
-2.415872744330711114e-03
-2.431400809245567486e-03
-2.446476325820464738e-03
-2.461071009784155262e-03
-2.475184861136638624e-03
-2.488775453471044063e-03
-2.501814502516123973e-03
-2.514273724000631177e-03
-2.526124833653317203e-03
-2.537311262931688568e-03
-2.547790585428873211e-03
-2.557534516873623959e-03
-2.566486488723445595e-03
-2.574604074571466925e-03
-2.581830705875193602e-03
-2.588152240499001604e-03
-2.593483825629148108e-03
-2.597811319130009962e-03
-2.601078152459091516e-03
-2.603241899209522443e-03
-2.604274275110054701e-03
-2.604146995889441117e-03
-2.602817635140810496e-03
-2.600272050728538818e-03
-2.596467816245755320e-03
-2.591404931692459571e-03
-2.585055112797404395e-03
-2.577418359560589792e-03
-2.568494671982015330e-03
-2.558269907926057855e-03
-2.546744067392717366e-03
-2.533945434653240604e-03
-2.519888151843252457e-03
-2.504558076827128037e-03
-2.488025920282986581e-03
-2.470277540075204066e-03
-2.451355362610651688e-03
-2.431315956431825097e-03
-2.410173463674347445e-03
-2.387970310745089926e-03
-2.364748924050923736e-03
-2.340580014269967243e-03
-2.315491865673468489e-03
-2.289541046803922689e-03
-2.262784126203823323e-03
-2.235277672415666907e-03
-2.207078253981947357e-03
-2.178242439445159887e-03
-2.148812655212175692e-03
-2.118873754096737162e-03
-2.088468162505715923e-03
-2.057652448981605892e-03
-2.026497324202526738e-03
-1.995045214575348787e-03
-1.963352688642568122e-03
-1.931476314946678225e-03
-1.899472662030175394e-03
-1.867398298435553328e-03
-1.835281508434060283e-03
-1.803178860568191259e-03
-1.771132781244816800e-03
-1.739185696870808534e-03
-1.707394175988661677e-03
-1.675772360733998947e-03
-1.644362677513692625e-03
-1.613193410598989450e-03
-1.582292844261137463e-03
-1.551703404907007642e-03
-1.521439234672223141e-03
-1.491514475692408631e-03
-1.461971554374434656e-03
-1.432810470718301433e-03
-1.404041124218945646e-03
-1.375688970720489578e-03
-1.347763909717870348e-03
-1.320273012278899748e-03
-1.293224763684952018e-03
-1.266626235003838951e-03
-1.240481668876247450e-03
-1.214795307942865069e-03
-1.189568566417253601e-03
-1.164805686940100816e-03
-1.140505255297844054e-03
-1.116668685704045325e-03
-1.093293149731580606e-03
-1.070381475807574137e-03
-1.047929421291338798e-03
-1.025936986182874808e-03
-1.004402756268619719e-03
-9.833224889078864134e-04
-9.626975983142371188e-04
-9.425224276334224875e-04
-9.227983910790049649e-04
-9.035226602238596600e-04
-8.846924066408618989e-04
-8.663076303300116816e-04
-8.483669170777465626e-04
-8.308674384569418678e-04
-8.138077802540352604e-04
-7.971893566825889689e-04
-7.810079251019159821e-04
-7.652648997255787457e-04
-7.499560379128900316e-04
-7.350827538774121770e-04
-7.206422191920205077e-04
-7.066330196431526867e-04
-6.930523268036837149e-04
-6.798987264600515803e-04
-6.671708043986937292e-04
-6.548643179789230421e-04
-6.429764387736148449e-04
-6.315015099285194644e-04
-6.204381172300748887e-04
-6.097806038240311194e-04
-5.995233128561391336e-04
-5.896591732585868125e-04
-5.801825281771245913e-04
-5.710877207575032304e-04
-5.623648515047860452e-04
-5.540054351375985802e-04
-5.460024005881292586e-04
-5.383444341478790590e-04
-5.310216363219111887e-04
-5.240241076152890717e-04
-5.173405343195137951e-04
-5.109567742989616634e-04
-5.048629280586959924e-04
-4.990462676766554235e-04
-4.934912368036539244e-04
-4.881865217311924196e-04
-4.831179803236472677e-04
-4.782700562318323279e-04
-4.736286073201237965e-04
-4.691794914528980322e-04
-4.649085664945312854e-04
-4.608002760958374694e-04
-4.568390639076303893e-04
-4.530122020078487951e-04
-4.493027198337442088e-04
-4.456978894632551637e-04
-4.421807403336332903e-04
-4.387399587363795131e-04
-4.353585741087454626e-04
-4.320266869557944545e-04
-4.287273267147780650e-04
-4.254491796771971645e-04
-4.221809321345529483e-04
-4.189084419512216126e-04
-4.156218096322665274e-04
-4.123083072556263883e-04
-4.089594495399269565e-04
-4.055639227766691022e-04
-4.021146558980410860e-04
-3.986003351955439409e-04
-3.950138896013658191e-04
-3.913482480476947645e-04
-3.875977536802813206e-04
-3.837553354313135855e-04
-3.798139222329798199e-04
-3.757720998717175242e-04
-3.716242114932772418e-04
-3.673660144569717992e-04
-3.629946803356765765e-04
-3.585102091293915195e-04
-3.539083581974294544e-04
-3.491905417533527727e-04
-3.443539313700368001e-04
-3.394013554746062107e-04
-3.343328140670610588e-04
-3.291483071474012902e-04
-3.238506631427516330e-04
-3.184412962666745869e-04
-3.129244491598571088e-04
-3.073015360358616983e-04
-3.015767995353754206e-04
-2.957558965126477323e-04
-2.898402411812410788e-04
-2.838354903954049707e-04
-2.777473010093887561e-04
-2.715799156638797171e-04
-2.653389912131272018e-04
-2.590301845113808835e-04
-2.526591524128900560e-04
-2.462301375583419473e-04
-2.397516252291108233e-04
-2.332292722794461134e-04
-2.266673213500349372e-04
-2.200728435086892235e-04
-2.134529098232207389e-04
-2.068117629343166840e-04
-2.001564739097889338e-04
-1.934926996038868903e-04
-1.868260968708601187e-04
-1.801623225649580753e-04
-1.735070335404302979e-04
-1.668658866515262431e-04
-1.602431245389330302e-04
-1.536429898433378058e-04
-1.470711394189900265e-04
-1.405326644347142681e-04
-1.340302518962790252e-04
-1.275682858657276237e-04
-1.211500190342535744e-04
-1.147788455144065404e-04
-1.084575937333112633e-04
-1.021886678540238246e-04
-9.597447203960019716e-05
-8.981684476767151399e-05
-8.371734167315635934e-05
-7.767709412690462995e-05
-7.169695065705375511e-05
-6.577747694902868320e-05
-5.991909726689814242e-05
-5.412138734659339778e-05
-4.838406434540198865e-05
-4.270642115654272621e-05
-3.708746783052194743e-05
-3.152593157513350835e-05
-2.602039817681505500e-05
-2.056888773657924443e-05
-1.516956177679500462e-05
-9.820298977118772460e-06
-4.518681032358889817e-06
7.377768307137329056e-07
5.951689492975923108e-06
1.112580194295224790e-05
1.626289028186564520e-05
2.136593850033272150e-05
2.643759117771511647e-05
3.148110100520628657e-05
3.649915498857473988e-05
4.149444013358898449e-05
4.647006771008624316e-05
5.142858330247879705e-05
5.637267391653512713e-05
6.130460229395506074e-05
6.622677259779463177e-05
7.114144756975359979e-05
7.605060710881933147e-05
8.095608969262287850e-05
8.585930953472663209e-05
9.076182227004921717e-05
9.566490069079673707e-05
1.005693933251066346e-04
1.054761487011163121e-04
1.103855910828945112e-04
1.152982861558661667e-04
1.202140924986750585e-04
1.251331515326773933e-04
1.300548975724482496e-04
1.349791891966313398e-04
1.399050364557330819e-04
1.448310251361910577e-04
1.497581451874989032e-04
1.546838510252443845e-04
1.596053142223027735e-04
1.645239489922364071e-04
1.694369269079205301e-04
1.743414195422304141e-04
1.792374268951660863e-04
1.841221205396027642e-04
1.889940862619780837e-04
1.938519098487296265e-04
1.986913486591703544e-04
2.035138169068626045e-04
2.083136577375569202e-04
2.130908711512532474e-04
2.178426287208268307e-04
2.225675162327153331e-04
2.272627052597939992e-04
2.319267815885004921e-04
2.365569167917100021e-04
2.411516966558601652e-04
2.457082927538263074e-04
2.502267050856083201e-04
2.547041052240815837e-04
2.591376647421212071e-04
2.635259694261649077e-04
2.678690192762126854e-04
2.721625716515774208e-04
2.764066265522590595e-04
2.805983555511329277e-04
2.847377586481989712e-04
2.888220074163325157e-04
2.928511018555334531e-04
2.968222135386770549e-04
3.007353424657634297e-04
3.045876602096677407e-04
3.083805809839523793e-04
3.121098621479302259e-04
3.157755037016012805e-04
3.193775056449655973e-04
3.229130395508983398e-04
3.263835196329618990e-04
3.297861174640315468e-04
3.331208330441073374e-04
3.363862521596267712e-04
3.395823748105899565e-04
3.427077867834345563e-04
3.457624880781604080e-04
3.487450644812052289e-04
3.516555159925691273e-04
3.544938426122518863e-04
3.572600443402537229e-04
3.599512927494496919e-04
3.625690020534022388e-04
3.651131722521114720e-04
3.675838033455772289e-04
3.699780669066749439e-04
3.722987913625291825e-04
3.745445624995776619e-04
3.767153803178203281e-04
3.788112448172572351e-04
3.808321559978883829e-04
3.827781138597138259e-04
3.846491184027334555e-04
3.864465838405095545e-04
3.881690959594800571e-04
3.898180689732070833e-04
3.913935028816906874e-04
3.928953976849309236e-04
3.943237533829277918e-04
3.956799841892435208e-04
3.969640901038782731e-04
3.981774853403944399e-04
3.993187556852295216e-04
4.003893153519459637e-04
4.013891643405437118e-04
4.023197168645852115e-04
4.031809729240704086e-04
4.039743467325618027e-04
4.046998382900591769e-04
4.053588618101249767e-04
4.059500030791969734e-04
4.064775047379620698e-04
4.069371241457333632e-04
4.073345181567602016e-04
4.076668583439179111e-04
4.079369731343311656e-04
4.081448625280000193e-04
4.082905265249244181e-04
4.083753793386668616e-04
4.083994209692271872e-04
4.083640656301678403e-04
4.082707275350512120e-04
4.081179924703149655e-04
4.079086888630837206e-04
4.076428167133575313e-04
4.073203760211364520e-04
4.069427809999828739e-04
4.065114458634590255e-04
4.060249563980026784e-04
4.054847268171761694e-04
4.048935855481042810e-04
4.042487041636621224e-04
4.035543253045369757e-04
4.028076205436039500e-04
4.020128325215502189e-04
4.011671328112511627e-04
4.002733498398314011e-04
3.993314836072908800e-04
3.983429483271920990e-04
3.973063297859726127e-04
3.962244564107571493e-04
3.950973282015458714e-04
3.939263593719008992e-04
3.927101357082600584e-04
3.914514856377479687e-04
3.901489949468023473e-04
3.888054920625479225e-04
3.874195627714223573e-04
3.859940355005502173e-04
3.845274960363693280e-04
3.830213585924419724e-04
3.814770373823305415e-04
3.798959466195974267e-04
3.782752578771178997e-04
3.766192137955789716e-04
3.749264001614183595e-04
3.731996454017608459e-04
3.714375353030439312e-04
3.696414840788301149e-04
3.678129059426816800e-04
3.659503866810363435e-04
3.640581689345811166e-04
3.621334242761913794e-04
3.601789811329917518e-04
3.581948395049822879e-04
3.561824136057253789e-04
3.541417034352209708e-04
3.520727089934691718e-04
3.499782587075946018e-04
3.478583525775973692e-04
3.457115763899149203e-04
3.435421727852346454e-04
3.413487275499939907e-04
3.391312406841929562e-04
3.368925406149563245e-04
3.346312131287217584e-04
3.323500866526139861e-04
3.300491611866329536e-04
3.277284367307787150e-04
3.253893274986136073e-04
3.230332477037000218e-04
3.206587831324755672e-04
3.182673479985026889e-04
3.158617707289060610e-04
3.134392228965609552e-04
3.110039471421544369e-04
3.085545292521242773e-04
3.060909692264703139e-04
3.036160954923174376e-04
3.011284938361031486e-04
2.986295784713898925e-04
2.961207636117400605e-04
2.936020492571535440e-04
2.910734354076304517e-04
2.885363362767331204e-04
2.859907518644615502e-04
2.834380963843780780e-04
2.808783698364828124e-04
2.783115722207756449e-04
2.757377035372565754e-04
2.731595922130504407e-04
2.705772382481571865e-04
2.679892274290144216e-04
2.653969739691845373e-04
2.628018920822299247e-04
2.602039817681505297e-04
2.576032430269464065e-04
2.549996758586175007e-04
2.523946944767262580e-04
2.497897130948350153e-04
2.471819032858190985e-04
2.445740934768030734e-04
2.419662836677871024e-04
2.393598880723334414e-04
2.367520782633174975e-04
2.341470968814262548e-04
2.315421154995350120e-04
2.289399625447685247e-04
2.263392238035644014e-04
2.237398992759226152e-04
2.211448173889680026e-04
2.185525639291381183e-04
2.159631388964329893e-04
2.133765422908525885e-04
2.107956025395216714e-04
2.082174912153155367e-04
2.056436225317965214e-04
2.030754107025269897e-04
2.005114415139445504e-04
1.979531291796116489e-04
1.954004736995281768e-04
1.928534750736942153e-04
1.903121333021097917e-04
1.877764483847748516e-04
1.852478345352517322e-04
1.827262917535405146e-04
1.802118200396411447e-04
1.777044193935536497e-04
1.752040898152780295e-04
1.727108313048142569e-04
1.702260580757247233e-04
1.677497701280094287e-04
1.652805532481060088e-04
1.628212358631391920e-04
1.603689895459842500e-04
1.579266427237659110e-04
1.554927811829218110e-04
1.530688191370143140e-04
1.506547565860434472e-04
1.482491793164468193e-04
1.458535015417867944e-04
1.434691374756257368e-04
1.410934001121952059e-04
1.387288350359073814e-04
1.363747351399811219e-04
1.340315246884851285e-04
1.316992036814194282e-04
1.293780549614964614e-04
1.270680785287162551e-04
1.247696986471475106e-04
1.224830567381464343e-04
1.202081528017130940e-04
1.179451282592036557e-04
1.156944073746868747e-04
1.134559901481627510e-04
1.112300180009874912e-04
1.090167737758735897e-04
1.068162574728210603e-04
1.046287519345423566e-04
1.024543985823937259e-04
1.002931974163751683e-04
9.814557270055538490e-05
9.601138301357814192e-05
9.389091119815592035e-05
9.178429867564496744e-05
8.969168686740148979e-05
8.761321719478174820e-05
8.554903107914197638e-05
8.349926994183840803e-05
8.146407520422729040e-05
7.944344686630860995e-05
7.743752634943861391e-05
7.544659649632978326e-05
7.347065730698209088e-05
7.150985020275179758e-05
6.956431660499512351e-05
6.763419793506832947e-05
6.571949419297140192e-05
6.382034680006056101e-05
6.193689717769206753e-05
6.006928674722216875e-05
5.821737408729459707e-05
5.638158346197808072e-05
5.456177344991638598e-05
5.275822689382197349e-05
5.097080237233861632e-05
4.919964130682256173e-05
4.744488511863001630e-05
4.570667522911724763e-05
4.398487021692800846e-05
4.227975292477476619e-05
4.059132335265752759e-05
3.891958150057629268e-05
3.726466878988729514e-05
3.562644379923430129e-05
3.400533079268601899e-05
3.240104692752998763e-05
3.081373362512242057e-05
2.924353230681957523e-05
2.769044297262143807e-05
2.615432420117178215e-05
2.463545883518307827e-05
2.313384687465532642e-05
2.164934689823228952e-05
2.018210032727020127e-05
1.873210716176906845e-05
1.729950882308512475e-05
1.588402246850589261e-05
1.448607236210008838e-05
1.310526252407024584e-05
1.174184751285759243e-05
1.039577075991963296e-05
9.067032265256367451e-06
7.755632028867795891e-06
6.461570050753919978e-06
5.184832188779112951e-06
3.925418442943376507e-06
2.683300528975463056e-06
1.458492589010996818e-06
2.509465397888562353e-07
-9.393390329045206250e-07
-2.112396655981068425e-06
-3.268233400508599168e-06
-4.406901592388920213e-06
-5.528429515893279994e-06
-6.632831313157300610e-06
-7.720163552723478931e-06
-8.790454518863061696e-06
-9.843746637982918169e-06
-1.088006819435429848e-05
-1.189950404079094454e-05
-1.290205417729285466e-05
-1.388781759880939581e-05
-1.485687915815431331e-05
-1.580906914970011992e-05
-1.674471284256615826e-05
-1.766381023675243339e-05
-1.856636133225894193e-05
-1.945250755044192437e-05
-2.032210746994514021e-05
-2.117558535483730073e-05
-2.201265836240593853e-05
-2.283360933536352102e-05
-2.363843827371005156e-05
-2.442728659880176388e-05
-2.520015431063865797e-05
-2.595718283057697431e-05
-2.669851357997294998e-05
-2.742400513747034790e-05
-2.813394034578164225e-05
-2.882831920490683641e-05
-2.950728313620215731e-05
-3.017097356102384882e-05
-3.081939047937191093e-05
-3.145267531260258751e-05
-3.207096948207210549e-05
-3.267427298778046487e-05
-3.326258582972767242e-05
-3.383633227198243603e-05
-3.439537089318852199e-05
-3.493998453605840447e-05
-3.547003177923583624e-05
-3.598579546543330502e-05
-3.648741701600704450e-05
-3.697489643095704792e-05
-3.744837513163956253e-05
-3.790799453941081525e-05
-3.835389607562705335e-05
-3.878607974028827003e-05
-3.920482837610694626e-05
-3.961014198308307526e-05
-4.000216198257289073e-05
-4.038102979593264670e-05
-4.074674542316232963e-05
-4.109973312833065416e-05
-4.143985149008137982e-05
-4.176738335112698756e-05
-4.208218729011124369e-05
-4.238482899245908300e-05
-4.267502561545804488e-05
-4.295306000182059673e-05
-4.321907357290297224e-05
-4.347320775006141867e-05
-4.371560395465216294e-05
-4.394640360803145910e-05
-4.416560671019928002e-05
-4.437349610386813378e-05
-4.457007178903799326e-05
-4.475561660842133942e-05
-4.493013056201818582e-05
-4.509375507118474583e-05
-4.524677297863352073e-05
-4.538918428436448341e-05
-4.552113040973389469e-05
-4.564289419745421519e-05
-4.575433422616922475e-05
-4.585587475994761094e-05
-4.594751579878938731e-05
-4.602925734269455385e-05
-4.610152365573181167e-05
-4.616417331654494062e-05
-4.621763058920264858e-05
-4.626175405234868830e-05
-4.629682654869554073e-05
-4.632298949959944636e-05
-4.634024290506039839e-05
-4.634901102914711150e-05
-4.634901102914711150e-05
-4.634080859048534675e-05
-4.632426229180558355e-05
-4.629951355446404882e-05
-4.626684522117323708e-05
-4.622625729193312121e-05
-4.617803260945620251e-05
-4.612217117374246741e-05
-4.605881440614814962e-05
-4.598810372802948962e-05
-4.591018056074273467e-05
-4.582518632564411845e-05
-4.573326244408986791e-05
-4.563455033743621673e-05
-4.552919142703941896e-05
-4.541732713425571506e-05
-4.529895745908508472e-05
-4.517422382288378195e-05
-4.504340906836427417e-05
-4.490651319552655459e-05
-4.476381904708311095e-05
-4.461518520167769599e-05
-4.446089450202279068e-05
-4.430122979083086240e-05
-4.413590822538945055e-05
-4.396549549112348991e-05
-4.378985016667675357e-05
-4.360911367340547523e-05
-4.342342743266588181e-05
-4.323293286581423412e-05
-4.303762997285050506e-05
-4.283794301784342283e-05
-4.263373057943675373e-05
-4.242513407898671792e-05
-4.221229493784956941e-05
-4.199521315602529467e-05
-4.177431299758262189e-05
-4.154945304116529705e-05
-4.132077470812956741e-05
-4.108841941983166666e-05
-4.085252859762783528e-05
-4.061310224151807327e-05
-4.037028177285861434e-05
-4.012435003436192588e-05
-3.987516560467178775e-05
-3.962286990514443365e-05
-3.936774577849232420e-05
-3.910979322471547296e-05
-3.884901224381387316e-05
-3.858568567849999896e-05
-3.831967210741762345e-05
-3.805125437327920725e-05
-3.778057389744099762e-05
-3.750748925854675408e-05
-3.723242472066519128e-05
-3.695509744108382827e-05
-3.667593168387137294e-05
-3.639478602767160512e-05
-3.611180189384074498e-05
-3.582726212509128024e-05
-3.554088387871072994e-05
-3.525309141876780197e-05
-3.496388474526250989e-05
-3.467312243683859965e-05
-3.438122875756478592e-05
-3.408806228608484855e-05
-3.379376444375500768e-05
-3.349847665193150380e-05
-3.320219891061434368e-05
-3.290493121980351377e-05
-3.260695642221150180e-05
-3.230813309648206729e-05
-3.200874408532768442e-05
-3.170864796739211272e-05
-3.140812758538783314e-05
-3.110718293931483890e-05
-3.080567260781689630e-05
-3.050402085496271322e-05
-3.020194483803981887e-05
-2.989986882111692453e-05
-2.959750996148156278e-05
-2.929515110184619086e-05
-2.899279224221082234e-05
-2.869043338257545720e-05
-2.838835736565256286e-05
-2.808628134872966851e-05
-2.778462959587548882e-05
-2.748311926437754283e-05
-2.718203319694831150e-05
-2.688137139358779483e-05
-2.658127527565222313e-05
-2.628146200042912560e-05
-2.598235583198721691e-05
-2.568395677032649029e-05
-2.538612339409071879e-05
-2.508899712463613275e-05
-2.479257796196272876e-05
-2.449714874878299457e-05
-2.420242664238443566e-05
-2.390869448547954654e-05
-2.361595227806831705e-05
-2.332405859879450671e-05
-2.303329629037059986e-05
-2.274352393144035264e-05
-2.245502436471624261e-05
-2.216751474748579221e-05
-2.188127792246147900e-05
-2.159631388964329961e-05
-2.131262264903125740e-05
-2.103006277926911191e-05
-2.074905854442557780e-05
-2.046918568043194379e-05
-2.019086845135691438e-05
-1.991396543584426603e-05
-1.963847663389398519e-05
-1.936454346686231911e-05
-1.909216593474925762e-05
-1.882134403755481090e-05
-1.855193635392273508e-05
-1.828422572656551110e-05
-1.801821215548313220e-05
-1.775375421931936129e-05
-1.749099333943044223e-05
-1.723007093717260533e-05
-1.697070416983337981e-05
-1.671317588012523645e-05
-1.645734464669194495e-05
-1.620335189088973899e-05
-1.595119761271861521e-05
-1.570074039082233988e-05
-1.545226306791338720e-05
-1.520548280127928128e-05
-1.496068243363249801e-05
-1.471786196497303908e-05
-1.447687997394466231e-05
-1.423773646054737279e-05
-1.400060113040865096e-05
-1.376540327285038335e-05
-1.353217117214381163e-05
-1.330089068615331411e-05
-1.307160424128576769e-05
-1.284431183754116051e-05
-1.261901347491950442e-05
-1.239573743769203939e-05
-1.217446958372314375e-05
-1.195523819728406931e-05
-1.173802913623918423e-05
-1.152285654272411697e-05
-1.130974870101011766e-05
-1.109867732682593277e-05
-1.088967070444281245e-05
-1.068271469172513331e-05
-1.047783757294414210e-05
-1.027502520596421883e-05
-1.007427759078535674e-05
-9.875594727407560893e-06
-9.679004900102078040e-06
-9.484479824597658051e-06
-9.292033643029925990e-06
-9.101666355398885244e-06
-8.913377961704530732e-06
-8.727154319811242472e-06
-8.543009571854640445e-06
-8.360943717834728040e-06
-8.180942615615880193e-06
-8.003006265198096903e-06
-7.827148808717003235e-06
-7.653341961901349061e-06
-7.481599866886761984e-06
-7.311908381537614402e-06
-7.144267505853907159e-06
-6.978677239835641104e-06
-6.815123441347192867e-06
-6.653606110388561599e-06
-6.494111104824123932e-06
-6.336652566789504082e-06
-6.181188069877829397e-06
-6.027745898360349160e-06
-5.876311910101437458e-06
-5.726857820829848399e-06
-5.579397772681207047e-06
-5.433903481384261580e-06
-5.290389089074640448e-06
-5.148840453616716896e-06
-5.009229290739245875e-06
-4.871569742577848216e-06
-4.735847666996902242e-06
-4.602034779725159518e-06
-4.470145222898245110e-06
-4.340150712244910582e-06
-4.212051247765155934e-06
-4.085846829458980321e-06
-3.961495030919514477e-06
-3.839009994282380080e-06
-3.718363435276331236e-06
-3.599569496036991315e-06
-3.482585750157489359e-06
-3.367426339773447893e-06
-3.254048838477996804e-06
-3.142481530542383258e-06
-3.032667847424112503e-06
-2.924636073394431702e-06
-2.818343782046470323e-06
