2.970456176880971189e+00
6.750473007184106145e+00
1.802505315002751018e+01
3.087638683416002650e+01
3.763376020881165118e+01
3.351001843021337834e+01
1.984424094362145752e+01
6.519224527315055973e+00
1.989184207344674604e+00
1.114985444279513516e+00
2.782243643278530243e+00
6.048107304891770397e+00
6.800064883313026165e+00
5.200755494816688973e+00
2.367411621720004522e+00
6.454707803295232083e-01
9.828817668522997764e-01
7.276473504859291008e-01
5.749555682596063644e-01
6.042061514775547426e-01
5.267247257515563774e-01
5.351957477380954176e-01
4.475934208817800575e-01
1.307044863286115632e-01
1.561137743922555166e-01
2.526918524347208095e-01
2.135678152802175100e-01
5.226560260087443482e-02
1.467063958181766270e-01
1.427979819845602849e-01
1.528378474772942586e-01
5.666136172443974467e-02
7.004655182441413275e-02
4.011247681823995603e-02
6.877804971112368160e-02
3.802264813013073869e-02
4.214512975562696023e-02
1.534124596438831561e-02
4.632097362812082064e-02
2.473881680310332024e-02
2.453559052955454900e-02
2.249617774821457625e-02
2.019042352628638154e-02
1.967488221261692177e-02
2.050011661793262399e-02
1.631207931518143667e-02
2.044576754392489135e-02
1.688454354108549424e-02
1.797906145068575712e-02
1.630856691095085298e-02
1.718146024034094763e-02
1.570859621274030282e-02
1.601512749848171824e-02
1.537851308277111452e-02
1.500873660417508491e-02
1.498819124655840704e-02
1.423643828832813103e-02
1.440810875929778891e-02
1.373646022102846358e-02
1.380127895671067785e-02
1.332458435378356190e-02
1.316533932594394357e-02
1.301123128559455479e-02
1.257112273709023835e-02
1.265895717928249183e-02
1.210475750437562011e-02
1.225067179743454318e-02
1.173728948778954458e-02
1.182477893094798470e-02
1.141902003808111139e-02
1.141487630065999084e-02
1.112354469415435809e-02
1.103385688162532470e-02
1.083796573995355651e-02
1.068914597876752942e-02
1.055473902795726719e-02
1.037775056734394942e-02
1.026927735844262654e-02
1.009969607883351959e-02
9.993564635828754150e-03
9.841432811227367183e-03
9.731040934816626714e-03
9.596251572617515990e-03
9.481206432241850654e-03
9.362842904707437131e-03
9.244737277729064839e-03
9.139796697238767101e-03
9.023940450621296613e-03
8.924539612234752908e-03
8.816215282110226314e-03
8.718611769026152897e-03
8.620249822213862934e-03
8.520591943657340739e-03
8.427706892344731179e-03
8.334951503389661717e-03
8.246686924558504009e-03
8.155380469268724841e-03
8.074322334058362666e-03
7.984795274913757818e-03
7.906457729913834651e-03
7.824996187897030261e-03
7.742894546350060844e-03
7.669171474596996919e-03
7.591154252719999572e-03
7.516771348545114861e-03
7.444522354200336887e-03
7.372980854658176160e-03
7.302027746807206350e-03
7.234387786384045664e-03
7.167557132171348266e-03
7.101299298969186366e-03
7.036407519001821285e-03
6.973232933937417201e-03
6.909212666521511240e-03
6.847835763513733173e-03
6.789182583620471771e-03
6.727795343434469187e-03
6.673509128692313962e-03
6.612207082094413886e-03
6.559481077156791191e-03
6.503778693257214645e-03
6.446739854247610958e-03
6.397092810110181250e-03
6.344044242163094337e-03
6.291446193885794590e-03
6.242198900963159131e-03
6.190752001814500693e-03
6.139974726162853239e-03
6.095490960271757359e-03
6.047142465609838154e-03
5.999711862337155262e-03
5.956043978263841736e-03
5.909826957753119836e-03
5.862858554174215503e-03
5.821510370048532841e-03
5.776548718979384982e-03
5.733901392556037604e-03
5.694690711957192501e-03
5.651613882813885138e-03
5.611520847547921652e-03
5.572546201802528951e-03
5.529168746552764156e-03
5.494102956017815099e-03
5.455836780640860480e-03
5.416136743196056993e-03
5.379741581284817539e-03
5.343331662777590398e-03
5.304315692544386840e-03
5.272673895934816210e-03
5.235496518700511435e-03
5.199776912627757791e-03
5.167466443187935035e-03
5.132200527329679011e-03
5.098516495387764649e-03
5.069022204717755185e-03
5.033650176699957374e-03
5.001561842158895425e-03
4.972594637863994582e-03
4.936416354493336489e-03
4.908108724838092761e-03
4.879344193847371183e-03
4.845408589887190143e-03
4.820452723911221142e-03
4.789912935973754567e-03
4.757417714123700174e-03
4.734343550219966175e-03
4.702374283131249832e-03
4.673555344006428622e-03
4.650183986554227641e-03
4.619924089766692422e-03
4.591668530911333264e-03
4.570205247873699791e-03
4.538644069717983655e-03
4.513881173140033530e-03
4.492590230462575537e-03
4.462276608282679698e-03
4.438779433656425341e-03
4.417242949402051810e-03
4.386627849670557584e-03
4.366728646940352260e-03
4.343607953466293095e-03
4.314712415412346944e-03
4.296414813083635278e-03
4.271319090965750541e-03
4.246532955622006784e-03
4.229201989472637646e-03
4.204241948018903885e-03
4.179117728666610979e-03
4.162274733415316855e-03
4.137360162211393272e-03
4.115480590218126462e-03
4.097620454330825300e-03
4.073342962968220550e-03
4.052550644206083692e-03
4.036886417467437302e-03
4.009964476499534684e-03
3.992509887212588107e-03
3.975708295183756451e-03
3.951529712703056793e-03
3.935313426651721076e-03
3.916364546839730051e-03
3.892547530526744605e-03
3.877455386976311376e-03
3.859582686141974691e-03
3.836276707053384166e-03
3.822269916871046200e-03
3.803910012530463836e-03
3.783151589678779118e-03
3.770109522972163625e-03
3.749843066761895157e-03
3.730294896247559125e-03
3.717211004560016640e-03
3.695707822379859855e-03
3.679252624518217999e-03
3.667622904403070386e-03
3.644684030529597111e-03
3.631305711299143320e-03
3.617387649285387294e-03
3.596383536604884964e-03
3.582390647495558873e-03
3.568078627081965916e-03
3.549461431709028617e-03
3.534893713969640677e-03
3.521967532118438701e-03
3.502083470593139129e-03
3.490831572210210433e-03
3.475008702349443711e-03
3.457067233820599467e-03
3.446715789984579423e-03
3.431311281758066354e-03
3.412470757291984243e-03
3.405384434201375824e-03
3.384593680093664955e-03
3.371024977829858559e-03
3.364000251196997034e-03
3.343071704408576584e-03
3.329553182288902576e-03
3.320950093368805773e-03
3.302120229607028237e-03
3.290264229629827515e-03
3.280212319888577231e-03
3.261712820566249876e-03
3.252249120143081706e-03
3.239983242971465963e-03
3.223885803078222964e-03
3.214313199090704318e-03
3.201081781424007684e-03
3.184139233246057344e-03
3.177522333555356845e-03
3.165247357637296886e-03
3.148303427769390522e-03
3.139180096691355105e-03
3.126533582407013158e-03
3.114377171716274650e-03
3.104733384553050139e-03
3.089685642949503534e-03
3.079665686747247704e-03
3.071945226606132701e-03
3.054960181074715345e-03
3.044242177207331229e-03
3.035609842567384229e-03
3.019700392133216251e-03
3.012525458428770911e-03
3.002648437700100679e-03
2.988617014645418395e-03
2.981101519075535049e-03
2.969976806471238788e-03
2.955279771935461191e-03
2.948586261037361867e-03
2.935524199021109608e-03
2.924500778692858908e-03
2.918102961808824534e-03
2.905934113848773499e-03
2.894089655076266098e-03
2.887232608235211322e-03
2.876620343761543408e-03
2.864393927407545525e-03
2.856427859885377236e-03
2.844221995283831555e-03
2.835261294709783431e-03
2.829188587816831076e-03
2.815366832490101730e-03
2.807561613605202323e-03
2.798963786597807087e-03
2.787401642334463511e-03
2.780327100042236186e-03
2.771067106042282482e-03
2.757918310578497643e-03
2.752966530623492981e-03
2.744559153723713594e-03
2.732937588831693861e-03
2.725536929546480778e-03
2.716440528354178204e-03
2.704155748158272501e-03
2.700078766541694555e-03
2.691110584999591767e-03
2.679362695618823197e-03
2.674109820112055124e-03
2.664934779055782871e-03
2.656828231254394507e-03
2.648363631748436482e-03
2.637001413320265528e-03
2.630809828299270330e-03
2.624068137363113305e-03
2.613581110833367027e-03
2.605743861718432062e-03
2.600542787240930822e-03
2.592007907789442046e-03
2.581847668477120841e-03
2.575795136887161843e-03
2.566354691007332375e-03
2.559541204784979585e-03
2.551078949235731710e-03
2.543400639708908589e-03
2.537857197106114550e-03
2.529954798515189791e-03
2.519797047846214673e-03
2.515459785177564730e-03
2.506717707541373467e-03
2.498427887557007603e-03
2.493060032194325832e-03
2.485330844504268170e-03
2.477403074918845417e-03
2.471514035624170023e-03
2.461963616000213250e-03
2.454409350447324650e-03
2.450774180658536056e-03
2.443604320818856552e-03
2.435770337995375474e-03
2.429539629158030452e-03
2.421460315579274363e-03
2.414270581803031578e-03
2.408917655128383836e-03
2.401112151946994868e-03
2.394235593614549209e-03
2.389606904325477631e-03
2.381247963031697754e-03
2.375868069283346151e-03
2.369794528638662946e-03
2.361134859290900997e-03
2.355388918509707455e-03
2.351507522578484034e-03
2.343296363436421070e-03
2.336950913326652553e-03
2.330519874799340686e-03
2.324349035138425015e-03
2.318877714465367081e-03
2.312666001246682992e-03
2.305606443659687955e-03
2.301501086085069262e-03
2.293795145304370481e-03
2.286984454025899494e-03
2.284666338421353741e-03
2.275472325015617456e-03
2.270058298366085022e-03
2.265820840983832473e-03
2.259072555948051040e-03
2.252437503053758300e-03
2.248571141545635012e-03
2.240836084903047656e-03
2.235271043887751118e-03
2.231306357340688898e-03
2.225708414559181107e-03
2.220008149392961420e-03
2.214931334168599754e-03
2.207060689640135201e-03
2.202275904447709067e-03
2.198676893663450635e-03
2.192203964098503495e-03
2.186411115828265465e-03
2.182617128226663206e-03
2.175093341252532213e-03
2.171204678918044542e-03
2.166595526829288854e-03
2.159214134132508497e-03
2.156100097413204443e-03
2.151412582464196782e-03
2.144723124774087185e-03
2.141176669482078992e-03
2.134082985990365128e-03
2.128066841605573065e-03
2.126693861410908562e-03
2.119613434663355014e-03
2.115454536839654013e-03
2.110614184180994481e-03
2.105224958870416819e-03
2.100443239095548063e-03
2.097529198202751407e-03
2.090794478412870503e-03
2.084928348581311600e-03
2.082484373796482380e-03
2.074935452561418436e-03
2.071848899305914291e-03
2.067558449255745175e-03
2.062479581734366282e-03
2.058550544821380855e-03
2.055852262426589080e-03
2.047401126858495405e-03
2.045061584910541370e-03
2.040916700807610985e-03
2.033376961320944656e-03
2.031561920557659485e-03
2.026870172744356206e-03
2.020786927698704858e-03
2.018373419089603254e-03
2.013620710576098649e-03
2.008178802355342976e-03
2.008419406629119268e-03
1.999214773412761378e-03
1.994793451615166184e-03
1.994228550144499200e-03
1.987514311349903445e-03
1.980579406187019456e-03
1.979837655527585255e-03
1.975316096567944144e-03
1.972721259588514509e-03
1.968067272252531710e-03
1.961443681519768785e-03
1.958826221619510820e-03
1.956742523639597858e-03
1.949169271575748380e-03
1.946096005844714710e-03
1.942532521686647726e-03
1.938245174082434564e-03
1.936382908919126976e-03
1.932059946961562410e-03
1.925918687632924980e-03
1.924442608980292358e-03
1.919041874849554147e-03
1.914305188192896639e-03
1.914141250872323629e-03
1.906278816598262933e-03
1.903033080210316409e-03
1.901496016209198612e-03
1.896682301314058352e-03
1.892513640768699349e-03
1.890859550545995887e-03
1.884574639031561579e-03
1.881891086221401882e-03
1.879531978005854077e-03
1.873980406690617080e-03
1.868884948166365211e-03
1.868846926452281823e-03
1.862902189011075068e-03
1.861156479719203475e-03
1.858137668714300236e-03
1.852340727772928573e-03
1.849892701078085025e-03
1.846748840458670377e-03
1.842307337204673531e-03
1.839969712540153075e-03
1.835229826684294874e-03
1.831664236056727976e-03
1.829204805343360649e-03
1.825252289436481807e-03
1.822900593737683929e-03
1.820563752526779041e-03
1.815418131373644018e-03
1.812722890206530137e-03
1.809513233113983202e-03
1.804671447977074152e-03
1.801239664395438674e-03
1.799848974223086477e-03
1.795062642593744538e-03
1.793803818308508909e-03
1.790441387108021023e-03
1.785278151076656996e-03
1.783523798037765827e-03
1.781654875287926694e-03
1.775883404768178195e-03
1.774400104385161301e-03
1.770873200019082959e-03
1.763725231740716519e-03
1.766920317149433400e-03
1.760868227245191700e-03
1.757690382393561814e-03
1.757130605140944058e-03
1.752630900404933368e-03
1.748412018141140035e-03
1.748603754684611294e-03
1.741471518801161831e-03
1.738908013400673530e-03
1.736904118651746683e-03
1.733692581841342903e-03
1.731758036174233873e-03
1.731071018677186142e-03
1.724419705940702418e-03
1.722264864989533168e-03
1.721351806930796792e-03
1.715270092989749657e-03
1.713491116445594415e-03
1.712780803001578110e-03
1.706725675281361510e-03
1.706085559708745477e-03
1.703969546812721027e-03
1.698436658548853470e-03
1.698202293369206533e-03
1.694409220117677143e-03
1.691036944352854524e-03
1.689317605248724262e-03
1.687612333817262904e-03
1.680972055042504387e-03
1.680506256086116302e-03
1.678708010367885046e-03
1.676154141446185505e-03
1.673640785226443873e-03
1.670074575218789825e-03
1.664616287482857020e-03
1.665645981286410305e-03
1.661873661568428421e-03
1.658902452707753522e-03
1.659259389265025980e-03
1.652830960024813649e-03
1.652660846608107860e-03
1.649537483338059211e-03
1.645604681511663673e-03
1.644344530231052048e-03
1.641885742072634290e-03
1.638053212463599223e-03
1.636232010548396842e-03
1.633957064845069753e-03
1.630574974499431323e-03
1.630568585925945774e-03
1.625712956741258127e-03
1.623841243003730419e-03
1.624026050346952721e-03
1.619475310986967075e-03
1.613737907749153476e-03
1.615429698380589293e-03
1.610969398714916841e-03
1.607828562532433343e-03
1.607901675946748132e-03
1.605514852066529038e-03
1.602670219623862982e-03
1.601825533530452971e-03
1.596656708329152611e-03
1.593921071261097597e-03
1.594998506213764081e-03
1.588117570553795183e-03
1.587712394189652512e-03
1.586955810736155430e-03
1.582906071963888868e-03
1.582541082748592292e-03
1.579092526960862572e-03
1.575510377256741272e-03
1.576066585437218984e-03
1.572794103387575165e-03
1.569827787940295894e-03
1.567529633795043589e-03
1.565152615298825121e-03
1.562564099756839301e-03
1.562173277521794208e-03
1.558463176176031828e-03
1.556653587914289590e-03
1.556251459131306573e-03
1.551521974062733834e-03
1.549909439398504916e-03
1.548992104532031589e-03
1.546181364057057275e-03
1.543347002752920322e-03
1.540960507259397103e-03
1.539611622923721260e-03
1.538217966341457734e-03
1.535625951753182656e-03
1.532631035824667896e-03
1.532384771866754890e-03
1.529429948163956105e-03
1.524837902732734509e-03
1.525931768128277466e-03
1.524462304892991362e-03
1.520021617302457721e-03
1.519803979780794817e-03
1.515884266512508788e-03
1.514540216355791990e-03
1.513294471425766794e-03
1.510307210193988746e-03
1.509163463001155425e-03
1.507702087469500480e-03
1.504600350082874400e-03
1.502504569468122607e-03
1.502477212222388210e-03
1.497360508417918757e-03
1.496657989856965470e-03
1.497028976064104615e-03
1.492160267267015781e-03
1.491332595825480261e-03
1.489711898725238877e-03
1.487045571034669627e-03
1.486775047169155376e-03
1.483942259754779999e-03
1.480585249053277758e-03
1.480162097703696840e-03
1.477311409242108332e-03
1.476701475691951509e-03
1.474675560772674985e-03
1.473145919746760013e-03
1.470297382347948625e-03
1.469459526489164331e-03
1.466224794318133967e-03
1.463902427614840671e-03
1.465036259888783743e-03
1.461768086431257559e-03
1.459532188848429012e-03
1.458054224297893270e-03
1.456612687460610714e-03
1.454255016764566515e-03
1.453095800150428938e-03
1.449498727857572193e-03
1.449938681362181311e-03
1.448099846080914965e-03
1.446546000950332854e-03
1.443169468671936335e-03
1.442574992111066330e-03
1.440644164642984615e-03
1.437032520697007626e-03
1.437940464042234724e-03
1.435455332084287997e-03
1.433559264016736690e-03
1.433724014683829392e-03
1.430704271795307705e-03
1.428660775617617007e-03
1.427269815658482703e-03
1.423519641759366178e-03
1.423937457599085479e-03
1.422104731445430472e-03
1.420239441144835078e-03
1.420428193638943910e-03
1.417472786342745391e-03
1.415670653880483128e-03
1.414264761222241854e-03
1.413431671703336114e-03
1.410053364030562292e-03
1.407544710636480156e-03
1.407286599817211522e-03
1.407166435419901366e-03
1.404543489695338600e-03
1.403582365966465255e-03
1.401611704191829287e-03
1.398443780002507544e-03
1.400971628286472098e-03
1.397462783992544201e-03
1.393144920999899198e-03
1.394154565665535993e-03
1.391115485126589568e-03
1.391257940080956133e-03
1.390869473777628981e-03
1.385445833201276325e-03
1.387403873429888688e-03
1.386708980920316496e-03
1.381645428976267190e-03
1.381995687586491228e-03
1.380283779107845240e-03
1.379050786421675114e-03
1.377980673380691922e-03
1.375554875282902767e-03
1.374363118035711821e-03
1.372889716154178028e-03
1.371517388495429668e-03
1.370556428359852568e-03
1.370327348591421530e-03
1.367217522175975851e-03
1.365318182675630395e-03
1.365451650344835658e-03
1.363048462345255781e-03
1.361700105538590213e-03
1.360976206946715259e-03
1.358623486725528797e-03
1.358341698507093201e-03
1.356592280439316732e-03
1.353126029694918901e-03
1.354720190988526005e-03
1.354136693449739179e-03
1.350429185319311325e-03
1.350121862516667597e-03
1.347750016915568545e-03
1.345496999568735136e-03
1.347632227337231588e-03
1.345284430744720034e-03
1.340955366037053327e-03
1.344256553734558043e-03
1.339529305916120671e-03
1.338307616110881015e-03
1.339338142278793595e-03
1.335920536513985138e-03
1.335851178795931932e-03
1.335804561907268659e-03
1.330811152207684494e-03
1.332797749410219359e-03
1.331536567418506629e-03
1.326774755893390815e-03
1.329672992968210536e-03
1.326600438677454433e-03
1.323713040312888894e-03
1.325739602969822116e-03
1.323572662928340984e-03
1.320839627912169393e-03
1.323671750406670618e-03
1.318475190368502154e-03
1.316863127536137181e-03
1.318705776555990396e-03
1.314259321209416834e-03
1.314218631025607011e-03
1.315646763876593016e-03
1.311504221304315380e-03
1.311689826006763853e-03
1.312276625381095458e-03
1.306012548225499777e-03
1.307706321656203902e-03
1.309949033569907410e-03
1.303133428342615656e-03
1.305337313882235038e-03
1.304031458195803765e-03
1.299928229453280052e-03
1.302532236436097605e-03
1.301048008493164250e-03
1.297043023495548283e-03
1.299375643282332533e-03
1.297090367144141353e-03
1.294420293400110533e-03
1.296631155569278075e-03
1.292667730327839819e-03
1.291352150693552423e-03
1.292954444578404494e-03
1.289354791446615644e-03
1.287673482591653300e-03
1.291696365677490622e-03
1.285622656596704895e-03
1.285929060137964378e-03
1.286086261312022021e-03
1.282223149294532769e-03
1.284637897161222632e-03
1.282920602148844135e-03
1.280227934920260885e-03
1.279900325219818571e-03
1.280734823382604672e-03
1.275690998395627137e-03
1.278010569224238705e-03
1.274398559883473071e-03
1.275255636418703205e-03
1.276803692907943879e-03
1.273032711102162727e-03
1.271731132373811902e-03
1.272199316322694283e-03
1.268031390887705209e-03
1.269209972721661557e-03
1.269253004883728105e-03
1.265735017382566560e-03
1.268228621653490987e-03
1.266246785222434985e-03
1.263850528172110388e-03
1.263276059132588391e-03
1.264197929630007846e-03
1.259935951809312360e-03
1.262170451399442957e-03
1.259468752279327723e-03
1.258462510418836009e-03
1.259618672492045016e-03
1.257430304541661773e-03
1.255421687028163364e-03
1.257498917414995440e-03
1.252163359588385474e-03
1.253006282329451786e-03
1.254835008893538618e-03
1.252487433465741644e-03
1.249716973722151628e-03
1.251678832202416129e-03
1.249504067282704387e-03
1.248012983329942595e-03
1.248160994051744676e-03
1.244298117774709491e-03
1.248196607413530309e-03
1.245540797406618442e-03
1.243478862588185243e-03
1.243415747216896098e-03
1.243500589065085369e-03
1.241464131607842528e-03
1.241989099623757795e-03
1.240561579788646398e-03
1.239104103871279186e-03
1.237858228284215200e-03
1.237471116644068723e-03
1.236038298334045686e-03
1.237262379680573047e-03
1.236053195170356634e-03
1.235265118316717899e-03
1.234916613937100125e-03
1.231135941562588485e-03
1.232199441533888239e-03
1.231240821931794092e-03
1.230215996919672896e-03
1.232708637359535486e-03
1.226968113294404613e-03
1.228986232562381733e-03
1.228416279315953799e-03
1.226023812148004793e-03
1.226111954483921802e-03
1.227153113771896125e-03
1.224743508433721265e-03
1.223405281747668490e-03
1.223072582446977329e-03
1.221513795702074351e-03
1.222017684399795672e-03
1.221757302724494525e-03
1.221085389053866606e-03
1.219730798472003826e-03
1.218757109003055063e-03
1.216859202717256215e-03
1.219737814591110312e-03
1.216226871360533363e-03
1.215120881886081611e-03
1.214744085460376646e-03
1.215096509450524446e-03
1.215510762495887551e-03
1.213407807840258344e-03
1.211159267349702336e-03
1.213946458426736060e-03
1.212567098524783499e-03
1.208316977593150172e-03
1.209885200044288596e-03
1.209135075790161978e-03
1.207682690822687969e-03
1.209908542586779316e-03
1.208567081192604741e-03
1.206092833657798581e-03
1.206415978930083874e-03
1.204723734608468015e-03
1.203872210401463758e-03
1.206008120508284725e-03
1.202199497104860680e-03
1.201447148363915356e-03
1.203627956493472616e-03
1.201034867691706158e-03
1.202252516366157957e-03
1.202527372954050348e-03
1.197573158343587761e-03
1.199097289514573870e-03
1.198758013308719866e-03
1.196680485735388206e-03
1.199104580829488988e-03
1.196471852235154575e-03
1.194897720751849366e-03
1.197310631819221982e-03
1.194498669196528487e-03
1.193494100283248958e-03
1.195545664772297220e-03
1.191456890758649375e-03
1.192639966262763274e-03
1.194175040872604357e-03
1.189445387529332971e-03
1.190409708574382457e-03
1.192549483612470379e-03
1.187885128409879153e-03
1.190264880306601391e-03
1.189736484563246781e-03
1.185033171444778129e-03
1.188907848248743062e-03
1.187778833748412335e-03
1.184784578208067938e-03
1.189284385307875754e-03
1.185035954848328741e-03
1.181617324536676870e-03
1.185874667317224221e-03
1.181987328901745911e-03
1.181875975151284140e-03
1.186465397000307891e-03
1.181580872163372122e-03
1.180587893300328976e-03
1.183124482695426622e-03
1.179043424444273409e-03
1.179059923247240474e-03
1.182577618683195147e-03
1.175374271800283749e-03
1.177746505308438886e-03
1.180270570760346294e-03
1.176363599629932661e-03
1.179028560500667080e-03
1.177176067328857163e-03
1.172855517323363609e-03
1.177542952687791024e-03
1.175704547928384811e-03
1.170486987199167777e-03
1.175812595517534195e-03
1.173073914531244525e-03
1.172500008081700388e-03
1.175768881059464747e-03
1.171193092537469284e-03
1.170345951851342690e-03
1.174022936998573826e-03
1.167658637143132762e-03
1.169177094123637897e-03
1.171257850798458795e-03
1.167469291337463024e-03
1.169906038659051725e-03
1.170233100297013006e-03
1.166291413167351966e-03
1.167420583436443214e-03
1.169045521725097653e-03
1.162717791284819963e-03
1.166644720070475569e-03
1.167998240601011940e-03
1.162634818498195282e-03
1.167470979918203752e-03
1.164311817379864869e-03
1.160343331221689927e-03
1.166777362430780835e-03
1.161509499066713759e-03
1.160921843269846184e-03
1.165344744734192950e-03
1.159705364525464742e-03
1.161218600219296243e-03
1.164297430757922072e-03
1.157576498063172307e-03
1.159389351691585395e-03
1.162171793979947364e-03
1.155599611435165729e-03
1.158941652551830201e-03
1.161564192265337027e-03
1.156055168218684875e-03
1.160136416232174358e-03
1.158550226164641647e-03
1.151902842044979320e-03
1.158841264804307903e-03
1.155647145313268677e-03
1.153624353402152173e-03
1.158248928275718622e-03
1.153708203404383648e-03
1.152359937413647293e-03
1.158466416308372464e-03
1.152781489072683034e-03
1.151164018283103857e-03
1.155728906577767248e-03
1.151223131639434859e-03
1.152401170833124069e-03
1.152895697406535434e-03
1.148610067460779363e-03
1.151710264194059224e-03
1.153608105315139182e-03
1.148035788368417147e-03
1.151635304919727300e-03
1.150871687562679459e-03
1.147269206352431910e-03
1.150737996670623186e-03
1.148934803688090580e-03
1.144919563987284493e-03
1.150223879442747055e-03
1.148864580211767829e-03
1.144974965231536834e-03
1.149888145906745839e-03
1.145770797488711301e-03
1.145670598820811188e-03
1.148147439568645558e-03
1.144135749804081137e-03
1.144150778941234242e-03
1.147965415496513203e-03
1.142863360054733246e-03
1.144915650914706288e-03
1.145193864266964281e-03
1.142306108068826291e-03
1.144131407367494609e-03
1.144700374560547523e-03
1.140962297812956510e-03
1.144371696604490384e-03
1.142344954019293467e-03
1.140195567133275986e-03
1.144723485180590200e-03
1.140715934121417198e-03
1.139567995120498341e-03
1.141820317145196594e-03
1.140320772563179017e-03
1.140412348319351813e-03
1.142133177189658816e-03
1.138580543614929478e-03
1.139413274205605198e-03
1.141270189614288465e-03
1.136557874103023965e-03
1.138370233044045526e-03
1.140749303169936351e-03
1.136390004714264062e-03
1.138385030778006016e-03
1.139698222666775613e-03
1.135271195396893740e-03
1.138116725730752617e-03
1.138256777210623800e-03
1.135384133406595799e-03
1.138031515620061256e-03
1.135518787089402843e-03
1.135251541443896544e-03
1.136433527605602281e-03
1.136907230427581031e-03
1.133191256334978173e-03
1.137227083889443989e-03
1.134250278272452882e-03
1.133442049649989111e-03
1.136264806398707902e-03
1.134787242020024413e-03
1.132840203813957006e-03
1.135261125851472945e-03
1.132531037964542523e-03
1.133082819038173754e-03
1.135103258061782817e-03
1.130344506656378450e-03
1.134128232354347223e-03
1.134487718607775494e-03
1.131220068530073381e-03
1.132502104900844596e-03
1.133146037834206060e-03
1.129716398245440108e-03
1.133152458621808399e-03
1.132284025646235681e-03
1.129898487451492422e-03
1.132681217405138779e-03
1.130710113600872247e-03
1.130445583761118976e-03
1.132317521899637528e-03
1.129573832291208427e-03
1.129561842276038475e-03
1.132032330486690361e-03
1.129907147618689498e-03
1.128612284784961213e-03
1.131542285923724722e-03
1.128477014830562902e-03
1.129563974902410848e-03
1.130365437600476834e-03
1.128791006761771997e-03
1.129989485335159511e-03
1.129994511909327044e-03
1.126213975260030326e-03
1.130029847702937636e-03
1.129173239984022697e-03
1.127364406434967770e-03
1.129664779909548894e-03
1.127718384092860375e-03
1.128676460621404632e-03
1.128503511345491442e-03
1.127803368970679669e-03
1.127012551978370065e-03
1.129467538782664201e-03
1.126961634762839622e-03
1.126546320286198142e-03
1.127675904969824847e-03
1.127442247360163586e-03
1.127997840329394985e-03
1.129153128675779594e-03
1.125869711325519799e-03
1.125876025822516264e-03
1.127750340841782379e-03
1.125759812006092405e-03
1.127519779858545150e-03
1.126978210014016645e-03
1.127899036567853262e-03
1.127621337148669318e-03
1.126127692037602124e-03
1.124807010624497396e-03
1.126524800190000040e-03
1.127035240157178188e-03
1.126191126391243519e-03
1.127805102323664252e-03
1.126748420156324561e-03
1.124654915719843591e-03
1.126617519544087769e-03
1.126341102292492940e-03
1.126342690303748202e-03
1.126656156430310514e-03
1.125618570031176663e-03
1.125351048892050043e-03
1.126564752909245404e-03
1.126121723099604826e-03
1.127610456751605749e-03
1.126087035361054587e-03
1.124722374591046858e-03
1.126580423997757116e-03
1.126580423997757116e-03
1.124722374591046858e-03
1.126087035361054587e-03
1.127610456751605749e-03
1.126121723099604826e-03
1.126564752909245404e-03
1.125351048892050043e-03
1.125618570031176663e-03
1.126656156430310514e-03
1.126342690303748202e-03
1.126341102292492940e-03
1.126617519544087769e-03
1.124654915719843591e-03
1.126748420156324561e-03
1.127805102323664252e-03
1.126191126391243519e-03
1.127035240157178188e-03
1.126524800190000040e-03
1.124807010624497396e-03
1.126127692037602124e-03
1.127621337148669318e-03
1.127899036567853262e-03
1.126978210014016645e-03
1.127519779858545150e-03
1.125759812006092405e-03
1.127750340841782379e-03
1.125876025822516264e-03
1.125869711325519799e-03
1.129153128675779594e-03
1.127997840329394985e-03
1.127442247360163586e-03
1.127675904969824847e-03
1.126546320286198142e-03
1.126961634762839622e-03
1.129467538782664201e-03
1.127012551978370065e-03
1.127803368970679669e-03
1.128503511345491442e-03
1.128676460621404632e-03
1.127718384092860375e-03
1.129664779909548894e-03
1.127364406434967770e-03
1.129173239984022697e-03
1.130029847702937636e-03
1.126213975260030326e-03
1.129994511909327044e-03
1.129989485335159511e-03
1.128791006761771997e-03
1.130365437600476834e-03
1.129563974902410848e-03
1.128477014830562902e-03
1.131542285923724722e-03
1.128612284784961213e-03
1.129907147618689498e-03
1.132032330486690361e-03
1.129561842276038475e-03
1.129573832291208427e-03
1.132317521899637528e-03
1.130445583761118976e-03
1.130710113600872247e-03
1.132681217405138779e-03
1.129898487451492422e-03
1.132284025646235681e-03
1.133152458621808399e-03
1.129716398245440108e-03
1.133146037834206060e-03
1.132502104900844596e-03
1.131220068530073381e-03
1.134487718607775494e-03
1.134128232354347223e-03
1.130344506656378450e-03
1.135103258061782817e-03
1.133082819038173754e-03
1.132531037964542523e-03
1.135261125851472945e-03
1.132840203813957006e-03
1.134787242020024413e-03
1.136264806398707902e-03
1.133442049649989111e-03
1.134250278272452882e-03
1.137227083889443989e-03
1.133191256334978173e-03
1.136907230427581031e-03
1.136433527605602281e-03
1.135251541443896544e-03
1.135518787089402843e-03
1.138031515620061256e-03
1.135384133406595799e-03
1.138256777210623800e-03
1.138116725730752617e-03
1.135271195396893740e-03
1.139698222666775613e-03
1.138385030778006016e-03
1.136390004714264062e-03
1.140749303169936351e-03
1.138370233044045526e-03
1.136557874103023965e-03
1.141270189614288465e-03
1.139413274205605198e-03
1.138580543614929478e-03
1.142133177189658816e-03
1.140412348319351813e-03
1.140320772563179017e-03
1.141820317145196594e-03
1.139567995120498341e-03
1.140715934121417198e-03
1.144723485180590200e-03
1.140195567133275986e-03
1.142344954019293467e-03
1.144371696604490384e-03
1.140962297812956510e-03
1.144700374560547523e-03
1.144131407367494609e-03
1.142306108068826291e-03
1.145193864266964281e-03
1.144915650914706288e-03
1.142863360054733246e-03
1.147965415496513203e-03
1.144150778941234242e-03
1.144135749804081137e-03
1.148147439568645558e-03
1.145670598820811188e-03
1.145770797488711301e-03
1.149888145906745839e-03
1.144974965231536834e-03
1.148864580211767829e-03
1.150223879442747055e-03
1.144919563987284493e-03
1.148934803688090580e-03
1.150737996670623186e-03
1.147269206352431910e-03
1.150871687562679459e-03
1.151635304919727300e-03
1.148035788368417147e-03
1.153608105315139182e-03
1.151710264194059224e-03
1.148610067460779363e-03
1.152895697406535434e-03
1.152401170833124069e-03
1.151223131639434859e-03
1.155728906577767248e-03
1.151164018283103857e-03
1.152781489072683034e-03
1.158466416308372464e-03
1.152359937413647293e-03
1.153708203404383648e-03
1.158248928275718622e-03
1.153624353402152173e-03
1.155647145313268677e-03
1.158841264804307903e-03
1.151902842044979320e-03
1.158550226164641647e-03
1.160136416232174358e-03
1.156055168218684875e-03
1.161564192265337027e-03
1.158941652551830201e-03
1.155599611435165729e-03
1.162171793979947364e-03
1.159389351691585395e-03
1.157576498063172307e-03
1.164297430757922072e-03
1.161218600219296243e-03
1.159705364525464742e-03
1.165344744734192950e-03
1.160921843269846184e-03
1.161509499066713759e-03
1.166777362430780835e-03
1.160343331221689927e-03
1.164311817379864869e-03
1.167470979918203752e-03
1.162634818498195282e-03
1.167998240601011940e-03
1.166644720070475569e-03
1.162717791284819963e-03
1.169045521725097653e-03
1.167420583436443214e-03
1.166291413167351966e-03
1.170233100297013006e-03
1.169906038659051725e-03
1.167469291337463024e-03
1.171257850798458795e-03
1.169177094123637897e-03
1.167658637143132762e-03
1.174022936998573826e-03
1.170345951851342690e-03
1.171193092537469284e-03
1.175768881059464747e-03
1.172500008081700388e-03
1.173073914531244525e-03
1.175812595517534195e-03
1.170486987199167777e-03
1.175704547928384811e-03
1.177542952687791024e-03
1.172855517323363609e-03
1.177176067328857163e-03
1.179028560500667080e-03
1.176363599629932661e-03
1.180270570760346294e-03
1.177746505308438886e-03
1.175374271800283749e-03
1.182577618683195147e-03
1.179059923247240474e-03
1.179043424444273409e-03
1.183124482695426622e-03
1.180587893300328976e-03
1.181580872163372122e-03
1.186465397000307891e-03
1.181875975151284140e-03
1.181987328901745911e-03
1.185874667317224221e-03
1.181617324536676870e-03
1.185035954848328741e-03
1.189284385307875754e-03
1.184784578208067938e-03
1.187778833748412335e-03
1.188907848248743062e-03
1.185033171444778129e-03
1.189736484563246781e-03
1.190264880306601391e-03
1.187885128409879153e-03
1.192549483612470379e-03
1.190409708574382457e-03
1.189445387529332971e-03
1.194175040872604357e-03
1.192639966262763274e-03
1.191456890758649375e-03
1.195545664772297220e-03
1.193494100283248958e-03
1.194498669196528487e-03
1.197310631819221982e-03
1.194897720751849366e-03
1.196471852235154575e-03
1.199104580829488988e-03
1.196680485735388206e-03
1.198758013308719866e-03
1.199097289514573870e-03
1.197573158343587761e-03
1.202527372954050348e-03
1.202252516366157957e-03
1.201034867691706158e-03
1.203627956493472616e-03
1.201447148363915356e-03
1.202199497104860680e-03
1.206008120508284725e-03
1.203872210401463758e-03
1.204723734608468015e-03
1.206415978930083874e-03
1.206092833657798581e-03
1.208567081192604741e-03
1.209908542586779316e-03
1.207682690822687969e-03
1.209135075790161978e-03
1.209885200044288596e-03
1.208316977593150172e-03
1.212567098524783499e-03
1.213946458426736060e-03
1.211159267349702336e-03
1.213407807840258344e-03
1.215510762495887551e-03
1.215096509450524446e-03
1.214744085460376646e-03
1.215120881886081611e-03
1.216226871360533363e-03
1.219737814591110312e-03
1.216859202717256215e-03
1.218757109003055063e-03
1.219730798472003826e-03
1.221085389053866606e-03
1.221757302724494525e-03
1.222017684399795672e-03
1.221513795702074351e-03
1.223072582446977329e-03
1.223405281747668490e-03
1.224743508433721265e-03
1.227153113771896125e-03
1.226111954483921802e-03
1.226023812148004793e-03
1.228416279315953799e-03
1.228986232562381733e-03
1.226968113294404613e-03
1.232708637359535486e-03
1.230215996919672896e-03
1.231240821931794092e-03
1.232199441533888239e-03
1.231135941562588485e-03
1.234916613937100125e-03
1.235265118316717899e-03
1.236053195170356634e-03
1.237262379680573047e-03
1.236038298334045686e-03
1.237471116644068723e-03
1.237858228284215200e-03
1.239104103871279186e-03
1.240561579788646398e-03
1.241989099623757795e-03
1.241464131607842528e-03
1.243500589065085369e-03
1.243415747216896098e-03
1.243478862588185243e-03
1.245540797406618442e-03
1.248196607413530309e-03
1.244298117774709491e-03
1.248160994051744676e-03
1.248012983329942595e-03
1.249504067282704387e-03
1.251678832202416129e-03
1.249716973722151628e-03
1.252487433465741644e-03
1.254835008893538618e-03
1.253006282329451786e-03
1.252163359588385474e-03
1.257498917414995440e-03
1.255421687028163364e-03
1.257430304541661773e-03
1.259618672492045016e-03
1.258462510418836009e-03
1.259468752279327723e-03
1.262170451399442957e-03
1.259935951809312360e-03
1.264197929630007846e-03
1.263276059132588391e-03
1.263850528172110388e-03
1.266246785222434985e-03
1.268228621653490987e-03
1.265735017382566560e-03
1.269253004883728105e-03
1.269209972721661557e-03
1.268031390887705209e-03
1.272199316322694283e-03
1.271731132373811902e-03
1.273032711102162727e-03
1.276803692907943879e-03
1.275255636418703205e-03
1.274398559883473071e-03
1.278010569224238705e-03
1.275690998395627137e-03
1.280734823382604672e-03
1.279900325219818571e-03
1.280227934920260885e-03
1.282920602148844135e-03
1.284637897161222632e-03
1.282223149294532769e-03
1.286086261312022021e-03
1.285929060137964378e-03
1.285622656596704895e-03
1.291696365677490622e-03
1.287673482591653300e-03
1.289354791446615644e-03
1.292954444578404494e-03
1.291352150693552423e-03
1.292667730327839819e-03
1.296631155569278075e-03
1.294420293400110533e-03
1.297090367144141353e-03
1.299375643282332533e-03
1.297043023495548283e-03
1.301048008493164250e-03
1.302532236436097605e-03
1.299928229453280052e-03
1.304031458195803765e-03
1.305337313882235038e-03
1.303133428342615656e-03
1.309949033569907410e-03
1.307706321656203902e-03
1.306012548225499777e-03
1.312276625381095458e-03
1.311689826006763853e-03
1.311504221304315380e-03
1.315646763876593016e-03
1.314218631025607011e-03
1.314259321209416834e-03
1.318705776555990396e-03
1.316863127536137181e-03
1.318475190368502154e-03
1.323671750406670618e-03
1.320839627912169393e-03
1.323572662928340984e-03
1.325739602969822116e-03
1.323713040312888894e-03
1.326600438677454433e-03
1.329672992968210536e-03
1.326774755893390815e-03
1.331536567418506629e-03
1.332797749410219359e-03
1.330811152207684494e-03
1.335804561907268659e-03
1.335851178795931932e-03
1.335920536513985138e-03
1.339338142278793595e-03
1.338307616110881015e-03
1.339529305916120671e-03
1.344256553734558043e-03
1.340955366037053327e-03
1.345284430744720034e-03
1.347632227337231588e-03
1.345496999568735136e-03
1.347750016915568545e-03
1.350121862516667597e-03
1.350429185319311325e-03
1.354136693449739179e-03
1.354720190988526005e-03
1.353126029694918901e-03
1.356592280439316732e-03
1.358341698507093201e-03
1.358623486725528797e-03
1.360976206946715259e-03
1.361700105538590213e-03
1.363048462345255781e-03
1.365451650344835658e-03
1.365318182675630395e-03
1.367217522175975851e-03
1.370327348591421530e-03
1.370556428359852568e-03
1.371517388495429668e-03
1.372889716154178028e-03
1.374363118035711821e-03
1.375554875282902767e-03
1.377980673380691922e-03
1.379050786421675114e-03
1.380283779107845240e-03
1.381995687586491228e-03
1.381645428976267190e-03
1.386708980920316496e-03
1.387403873429888688e-03
1.385445833201276325e-03
1.390869473777628981e-03
1.391257940080956133e-03
1.391115485126589568e-03
1.394154565665535993e-03
1.393144920999899198e-03
1.397462783992544201e-03
1.400971628286472098e-03
1.398443780002507544e-03
1.401611704191829287e-03
1.403582365966465255e-03
1.404543489695338600e-03
1.407166435419901366e-03
1.407286599817211522e-03
1.407544710636480156e-03
1.410053364030562292e-03
1.413431671703336114e-03
1.414264761222241854e-03
1.415670653880483128e-03
1.417472786342745391e-03
1.420428193638943910e-03
1.420239441144835078e-03
1.422104731445430472e-03
1.423937457599085479e-03
1.423519641759366178e-03
1.427269815658482703e-03
1.428660775617617007e-03
1.430704271795307705e-03
1.433724014683829392e-03
1.433559264016736690e-03
1.435455332084287997e-03
1.437940464042234724e-03
1.437032520697007626e-03
1.440644164642984615e-03
1.442574992111066330e-03
1.443169468671936335e-03
1.446546000950332854e-03
1.448099846080914965e-03
1.449938681362181311e-03
1.449498727857572193e-03
1.453095800150428938e-03
1.454255016764566515e-03
1.456612687460610714e-03
1.458054224297893270e-03
1.459532188848429012e-03
1.461768086431257559e-03
1.465036259888783743e-03
1.463902427614840671e-03
1.466224794318133967e-03
1.469459526489164331e-03
1.470297382347948625e-03
1.473145919746760013e-03
1.474675560772674985e-03
1.476701475691951509e-03
1.477311409242108332e-03
1.480162097703696840e-03
1.480585249053277758e-03
1.483942259754779999e-03
1.486775047169155376e-03
1.487045571034669627e-03
1.489711898725238877e-03
1.491332595825480261e-03
1.492160267267015781e-03
1.497028976064104615e-03
1.496657989856965470e-03
1.497360508417918757e-03
1.502477212222388210e-03
1.502504569468122607e-03
1.504600350082874400e-03
1.507702087469500480e-03
1.509163463001155425e-03
1.510307210193988746e-03
1.513294471425766794e-03
1.514540216355791990e-03
1.515884266512508788e-03
1.519803979780794817e-03
1.520021617302457721e-03
1.524462304892991362e-03
1.525931768128277466e-03
1.524837902732734509e-03
1.529429948163956105e-03
1.532384771866754890e-03
1.532631035824667896e-03
1.535625951753182656e-03
1.538217966341457734e-03
1.539611622923721260e-03
1.540960507259397103e-03
1.543347002752920322e-03
1.546181364057057275e-03
1.548992104532031589e-03
1.549909439398504916e-03
1.551521974062733834e-03
1.556251459131306573e-03
1.556653587914289590e-03
1.558463176176031828e-03
1.562173277521794208e-03
1.562564099756839301e-03
1.565152615298825121e-03
1.567529633795043589e-03
1.569827787940295894e-03
1.572794103387575165e-03
1.576066585437218984e-03
1.575510377256741272e-03
1.579092526960862572e-03
1.582541082748592292e-03
1.582906071963888868e-03
1.586955810736155430e-03
1.587712394189652512e-03
1.588117570553795183e-03
1.594998506213764081e-03
1.593921071261097597e-03
1.596656708329152611e-03
1.601825533530452971e-03
1.602670219623862982e-03
1.605514852066529038e-03
1.607901675946748132e-03
1.607828562532433343e-03
1.610969398714916841e-03
1.615429698380589293e-03
1.613737907749153476e-03
1.619475310986967075e-03
1.624026050346952721e-03
1.623841243003730419e-03
1.625712956741258127e-03
1.630568585925945774e-03
1.630574974499431323e-03
1.633957064845069753e-03
1.636232010548396842e-03
1.638053212463599223e-03
1.641885742072634290e-03
1.644344530231052048e-03
1.645604681511663673e-03
1.649537483338059211e-03
1.652660846608107860e-03
1.652830960024813649e-03
1.659259389265025980e-03
1.658902452707753522e-03
1.661873661568428421e-03
1.665645981286410305e-03
1.664616287482857020e-03
1.670074575218789825e-03
1.673640785226443873e-03
1.676154141446185505e-03
1.678708010367885046e-03
1.680506256086116302e-03
1.680972055042504387e-03
1.687612333817262904e-03
1.689317605248724262e-03
1.691036944352854524e-03
1.694409220117677143e-03
1.698202293369206533e-03
1.698436658548853470e-03
1.703969546812721027e-03
1.706085559708745477e-03
1.706725675281361510e-03
1.712780803001578110e-03
1.713491116445594415e-03
1.715270092989749657e-03
1.721351806930796792e-03
1.722264864989533168e-03
1.724419705940702418e-03
1.731071018677186142e-03
1.731758036174233873e-03
1.733692581841342903e-03
1.736904118651746683e-03
1.738908013400673530e-03
1.741471518801161831e-03
1.748603754684611294e-03
1.748412018141140035e-03
1.752630900404933368e-03
1.757130605140944058e-03
1.757690382393561814e-03
1.760868227245191700e-03
1.766920317149433400e-03
1.763725231740716519e-03
1.770873200019082959e-03
1.774400104385161301e-03
1.775883404768178195e-03
1.781654875287926694e-03
1.783523798037765827e-03
1.785278151076656996e-03
1.790441387108021023e-03
1.793803818308508909e-03
1.795062642593744538e-03
1.799848974223086477e-03
1.801239664395438674e-03
1.804671447977074152e-03
1.809513233113983202e-03
1.812722890206530137e-03
1.815418131373644018e-03
1.820563752526779041e-03
1.822900593737683929e-03
1.825252289436481807e-03
1.829204805343360649e-03
1.831664236056727976e-03
1.835229826684294874e-03
1.839969712540153075e-03
1.842307337204673531e-03
1.846748840458670377e-03
1.849892701078085025e-03
1.852340727772928573e-03
1.858137668714300236e-03
1.861156479719203475e-03
1.862902189011075068e-03
1.868846926452281823e-03
1.868884948166365211e-03
1.873980406690617080e-03
1.879531978005854077e-03
1.881891086221401882e-03
1.884574639031561579e-03
1.890859550545995887e-03
1.892513640768699349e-03
1.896682301314058352e-03
1.901496016209198612e-03
1.903033080210316409e-03
1.906278816598262933e-03
1.914141250872323629e-03
1.914305188192896639e-03
1.919041874849554147e-03
1.924442608980292358e-03
1.925918687632924980e-03
1.932059946961562410e-03
1.936382908919126976e-03
1.938245174082434564e-03
1.942532521686647726e-03
1.946096005844714710e-03
1.949169271575748380e-03
1.956742523639597858e-03
1.958826221619510820e-03
1.961443681519768785e-03
1.968067272252531710e-03
1.972721259588514509e-03
1.975316096567944144e-03
1.979837655527585255e-03
1.980579406187019456e-03
1.987514311349903445e-03
1.994228550144499200e-03
1.994793451615166184e-03
1.999214773412761378e-03
2.008419406629119268e-03
2.008178802355342976e-03
2.013620710576098649e-03
2.018373419089603254e-03
2.020786927698704858e-03
2.026870172744356206e-03
2.031561920557659485e-03
2.033376961320944656e-03
2.040916700807610985e-03
2.045061584910541370e-03
2.047401126858495405e-03
2.055852262426589080e-03
2.058550544821380855e-03
2.062479581734366282e-03
2.067558449255745175e-03
2.071848899305914291e-03
2.074935452561418436e-03
2.082484373796482380e-03
2.084928348581311600e-03
2.090794478412870503e-03
2.097529198202751407e-03
2.100443239095548063e-03
2.105224958870416819e-03
2.110614184180994481e-03
2.115454536839654013e-03
2.119613434663355014e-03
2.126693861410908562e-03
2.128066841605573065e-03
2.134082985990365128e-03
2.141176669482078992e-03
2.144723124774087185e-03
2.151412582464196782e-03
2.156100097413204443e-03
2.159214134132508497e-03
2.166595526829288854e-03
2.171204678918044542e-03
2.175093341252532213e-03
2.182617128226663206e-03
2.186411115828265465e-03
2.192203964098503495e-03
2.198676893663450635e-03
2.202275904447709067e-03
2.207060689640135201e-03
2.214931334168599754e-03
2.220008149392961420e-03
2.225708414559181107e-03
2.231306357340688898e-03
2.235271043887751118e-03
2.240836084903047656e-03
2.248571141545635012e-03
2.252437503053758300e-03
2.259072555948051040e-03
2.265820840983832473e-03
2.270058298366085022e-03
2.275472325015617456e-03
2.284666338421353741e-03
2.286984454025899494e-03
2.293795145304370481e-03
2.301501086085069262e-03
2.305606443659687955e-03
2.312666001246682992e-03
2.318877714465367081e-03
2.324349035138425015e-03
2.330519874799340686e-03
2.336950913326652553e-03
2.343296363436421070e-03
2.351507522578484034e-03
2.355388918509707455e-03
2.361134859290900997e-03
2.369794528638662946e-03
2.375868069283346151e-03
2.381247963031697754e-03
2.389606904325477631e-03
2.394235593614549209e-03
2.401112151946994868e-03
2.408917655128383836e-03
2.414270581803031578e-03
2.421460315579274363e-03
2.429539629158030452e-03
2.435770337995375474e-03
2.443604320818856552e-03
2.450774180658536056e-03
2.454409350447324650e-03
2.461963616000213250e-03
2.471514035624170023e-03
2.477403074918845417e-03
2.485330844504268170e-03
2.493060032194325832e-03
2.498427887557007603e-03
2.506717707541373467e-03
2.515459785177564730e-03
2.519797047846214673e-03
2.529954798515189791e-03
2.537857197106114550e-03
2.543400639708908589e-03
2.551078949235731710e-03
2.559541204784979585e-03
2.566354691007332375e-03
2.575795136887161843e-03
2.581847668477120841e-03
2.592007907789442046e-03
2.600542787240930822e-03
2.605743861718432062e-03
2.613581110833367027e-03
2.624068137363113305e-03
2.630809828299270330e-03
2.637001413320265528e-03
2.648363631748436482e-03
2.656828231254394507e-03
2.664934779055782871e-03
2.674109820112055124e-03
2.679362695618823197e-03
2.691110584999591767e-03
2.700078766541694555e-03
2.704155748158272501e-03
2.716440528354178204e-03
2.725536929546480778e-03
2.732937588831693861e-03
2.744559153723713594e-03
2.752966530623492981e-03
2.757918310578497643e-03
2.771067106042282482e-03
2.780327100042236186e-03
2.787401642334463511e-03
2.798963786597807087e-03
2.807561613605202323e-03
2.815366832490101730e-03
2.829188587816831076e-03
2.835261294709783431e-03
2.844221995283831555e-03
2.856427859885377236e-03
2.864393927407545525e-03
2.876620343761543408e-03
2.887232608235211322e-03
2.894089655076266098e-03
2.905934113848773499e-03
2.918102961808824534e-03
2.924500778692858908e-03
2.935524199021109608e-03
2.948586261037361867e-03
2.955279771935461191e-03
2.969976806471238788e-03
2.981101519075535049e-03
2.988617014645418395e-03
3.002648437700100679e-03
3.012525458428770911e-03
3.019700392133216251e-03
3.035609842567384229e-03
3.044242177207331229e-03
3.054960181074715345e-03
3.071945226606132701e-03
3.079665686747247704e-03
3.089685642949503534e-03
3.104733384553050139e-03
3.114377171716274650e-03
3.126533582407013158e-03
3.139180096691355105e-03
3.148303427769390522e-03
3.165247357637296886e-03
3.177522333555356845e-03
3.184139233246057344e-03
3.201081781424007684e-03
3.214313199090704318e-03
3.223885803078222964e-03
3.239983242971465963e-03
3.252249120143081706e-03
3.261712820566249876e-03
3.280212319888577231e-03
3.290264229629827515e-03
3.302120229607028237e-03
3.320950093368805773e-03
3.329553182288902576e-03
3.343071704408576584e-03
3.364000251196997034e-03
3.371024977829858559e-03
3.384593680093664955e-03
3.405384434201375824e-03
3.412470757291984243e-03
3.431311281758066354e-03
3.446715789984579423e-03
3.457067233820599467e-03
3.475008702349443711e-03
3.490831572210210433e-03
3.502083470593139129e-03
3.521967532118438701e-03
3.534893713969640677e-03
3.549461431709028617e-03
3.568078627081965916e-03
3.582390647495558873e-03
3.596383536604884964e-03
3.617387649285387294e-03
3.631305711299143320e-03
3.644684030529597111e-03
3.667622904403070386e-03
3.679252624518217999e-03
3.695707822379859855e-03
3.717211004560016640e-03
3.730294896247559125e-03
3.749843066761895157e-03
3.770109522972163625e-03
3.783151589678779118e-03
3.803910012530463836e-03
3.822269916871046200e-03
3.836276707053384166e-03
3.859582686141974691e-03
3.877455386976311376e-03
3.892547530526744605e-03
3.916364546839730051e-03
3.935313426651721076e-03
3.951529712703056793e-03
3.975708295183756451e-03
3.992509887212588107e-03
4.009964476499534684e-03
4.036886417467437302e-03
4.052550644206083692e-03
4.073342962968220550e-03
4.097620454330825300e-03
4.115480590218126462e-03
4.137360162211393272e-03
4.162274733415316855e-03
4.179117728666610979e-03
4.204241948018903885e-03
4.229201989472637646e-03
4.246532955622006784e-03
4.271319090965750541e-03
4.296414813083635278e-03
4.314712415412346944e-03
4.343607953466293095e-03
4.366728646940352260e-03
4.386627849670557584e-03
4.417242949402051810e-03
4.438779433656425341e-03
4.462276608282679698e-03
4.492590230462575537e-03
4.513881173140033530e-03
4.538644069717983655e-03
4.570205247873699791e-03
4.591668530911333264e-03
4.619924089766692422e-03
4.650183986554227641e-03
4.673555344006428622e-03
4.702374283131249832e-03
4.734343550219966175e-03
4.757417714123700174e-03
4.789912935973754567e-03
4.820452723911221142e-03
4.845408589887190143e-03
4.879344193847371183e-03
4.908108724838092761e-03
4.936416354493336489e-03
4.972594637863994582e-03
5.001561842158895425e-03
5.033650176699957374e-03
5.069022204717755185e-03
5.098516495387764649e-03
5.132200527329679011e-03
5.167466443187935035e-03
5.199776912627757791e-03
5.235496518700511435e-03
5.272673895934816210e-03
5.304315692544386840e-03
5.343331662777590398e-03
5.379741581284817539e-03
5.416136743196056993e-03
5.455836780640860480e-03
5.494102956017815099e-03
5.529168746552764156e-03
5.572546201802528951e-03
5.611520847547921652e-03
5.651613882813885138e-03
5.694690711957192501e-03
5.733901392556037604e-03
5.776548718979384982e-03
5.821510370048532841e-03
5.862858554174215503e-03
5.909826957753119836e-03
5.956043978263841736e-03
5.999711862337155262e-03
6.047142465609838154e-03
6.095490960271757359e-03
6.139974726162853239e-03
6.190752001814500693e-03
6.242198900963159131e-03
6.291446193885794590e-03
6.344044242163094337e-03
6.397092810110181250e-03
6.446739854247610958e-03
6.503778693257214645e-03
6.559481077156791191e-03
6.612207082094413886e-03
6.673509128692313962e-03
6.727795343434469187e-03
6.789182583620471771e-03
6.847835763513733173e-03
6.909212666521511240e-03
6.973232933937417201e-03
7.036407519001821285e-03
7.101299298969186366e-03
7.167557132171348266e-03
7.234387786384045664e-03
7.302027746807206350e-03
7.372980854658176160e-03
7.444522354200336887e-03
7.516771348545114861e-03
7.591154252719999572e-03
7.669171474596996919e-03
7.742894546350060844e-03
7.824996187897030261e-03
7.906457729913834651e-03
7.984795274913757818e-03
8.074322334058362666e-03
8.155380469268724841e-03
8.246686924558504009e-03
8.334951503389661717e-03
8.427706892344731179e-03
8.520591943657340739e-03
8.620249822213862934e-03
8.718611769026152897e-03
8.816215282110226314e-03
8.924539612234752908e-03
9.023940450621296613e-03
9.139796697238767101e-03
9.244737277729064839e-03
9.362842904707437131e-03
9.481206432241850654e-03
9.596251572617515990e-03
9.731040934816626714e-03
9.841432811227367183e-03
9.993564635828754150e-03
1.009969607883351959e-02
1.026927735844262654e-02
1.037775056734394942e-02
1.055473902795726719e-02
1.068914597876752942e-02
1.083796573995355651e-02
1.103385688162532470e-02
1.112354469415435809e-02
1.141487630065999084e-02
1.141902003808111139e-02
1.182477893094798470e-02
1.173728948778954458e-02
1.225067179743454318e-02
1.210475750437562011e-02
1.265895717928249183e-02
1.257112273709023835e-02
1.301123128559455479e-02
1.316533932594394357e-02
1.332458435378356190e-02
1.380127895671067785e-02
1.373646022102846358e-02
1.440810875929778891e-02
1.423643828832813103e-02
1.498819124655840704e-02
1.500873660417508491e-02
1.537851308277111452e-02
1.601512749848171824e-02
1.570859621274030282e-02
1.718146024034094763e-02
1.630856691095085298e-02
1.797906145068575712e-02
1.688454354108549424e-02
2.044576754392489135e-02
1.631207931518143667e-02
2.050011661793262399e-02
1.967488221261692177e-02
2.019042352628638154e-02
2.249617774821457625e-02
2.453559052955454900e-02
2.473881680310332024e-02
4.632097362812082064e-02
1.534124596438831561e-02
4.214512975562696023e-02
3.802264813013073869e-02
6.877804971112368160e-02
4.011247681823995603e-02
7.004655182441413275e-02
5.666136172443974467e-02
1.528378474772942586e-01
1.427979819845602849e-01
1.467063958181766270e-01
5.226560260087443482e-02
2.135678152802175100e-01
2.526918524347208095e-01
1.561137743922555166e-01
1.307044863286115632e-01
4.475934208817800575e-01
5.351957477380954176e-01
5.267247257515563774e-01
6.042061514775547426e-01
5.749555682596063644e-01
7.276473504859291008e-01
9.828817668522997764e-01
6.454707803295232083e-01
2.367411621720004522e+00
5.200755494816688973e+00
6.800064883313026165e+00
6.048107304891770397e+00
2.782243643278530243e+00
1.114985444279513516e+00
1.989184207344674604e+00
6.519224527315055973e+00
1.984424094362145752e+01
3.351001843021337834e+01
3.763376020881165118e+01
3.087638683416002650e+01
1.802505315002751018e+01
6.750473007184106145e+00
